name,degree,betweenness,closeness,eigenvector,eccentricity,coreness,pagerank,ci,graph_size,graph_edges,graph_avg_degree,graph_max_degree,graph_apl,graph_clust_coef,graph_diameter,graph_density,graph_assortativity,graph_avg_distance,graph_triads,graph_girth
0,5,1297.14381146381,0.000187090739008419,0.018765239013937,6,1,0.597918107245422,948,1300,2596,3.99384615384615,90,4.17148220524664,0.0130969554323893,8,0.00307455439095162,-0.064914335728766,4.17148220524664,345,3
1,90,203066.434129264,0.000299311583358276,1,5,1,1,150677,1300,2596,3.99384615384615,90,4.17148220524664,0.0130969554323893,8,0.00307455439095162,-0.064914335728766,4.17148220524664,345,3
2,20,20564.9955581834,0.000241662638956017,0.188199572192291,5,1,0.998983245938554,19817,1300,2596,3.99384615384615,90,4.17148220524664,0.0130969554323893,8,0.00307455439095162,-0.064914335728766,4.17148220524664,345,3
3,69,152426.536722745,0.000289017341040462,0.589044567560517,4,1,1,113900,1300,2596,3.99384615384615,90,4.17148220524664,0.0130969554323893,8,0.00307455439095162,-0.064914335728766,4.17148220524664,345,3
4,79,204069.308817359,0.000303122158229767,0.889790915701349,5,1,1,135798,1300,2596,3.99384615384615,90,4.17148220524664,0.0130969554323893,8,0.00307455439095162,-0.064914335728766,4.17148220524664,345,3
5,26,33818.6569345249,0.000250689395838556,0.248384661129215,5,1,0.999975930229553,30150,1300,2596,3.99384615384615,90,4.17148220524664,0.0130969554323893,8,0.00307455439095162,-0.064914335728766,4.17148220524664,345,3
6,15,16781.2517340561,0.000241487563390485,0.195317478562653,5,1,0.980888316243343,14644,1300,2596,3.99384615384615,90,4.17148220524664,0.0130969554323893,8,0.00307455439095162,-0.064914335728766,4.17148220524664,345,3
7,50,75075.1907552493,0.000265604249667995,0.401735431352936,5,1,1,67963,1300,2596,3.99384615384615,90,4.17148220524664,0.0130969554323893,8,0.00307455439095162,-0.064914335728766,4.17148220524664,345,3
8,12,10001.7646507249,0.000231053604436229,0.133413494187986,5,1,0.9395966680099,9779,1300,2596,3.99384615384615,90,4.17148220524664,0.0130969554323893,8,0.00307455439095162,-0.064914335728766,4.17148220524664,345,3
9,15,18249.6969684122,0.000245098039215686,0.202587975832152,5,1,0.974974286255277,15918,1300,2596,3.99384615384615,90,4.17148220524664,0.0130969554323893,8,0.00307455439095162,-0.064914335728766,4.17148220524664,345,3
10,17,18327.3655249601,0.000241254523522316,0.213073283504532,5,1,0.992271465911773,16848,1300,2596,3.99384615384615,90,4.17148220524664,0.0130969554323893,8,0.00307455439095162,-0.064914335728766,4.17148220524664,345,3
11,17,17736.9577377302,0.000245639891918448,0.185610940535433,5,1,0.991227111315461,17936,1300,2596,3.99384615384615,90,4.17148220524664,0.0130969554323893,8,0.00307455439095162,-0.064914335728766,4.17148220524664,345,3
12,54,93481.349631882,0.000263782643102084,0.279124986329849,5,1,1,68635,1300,2596,3.99384615384615,90,4.17148220524664,0.0130969554323893,8,0.00307455439095162,-0.064914335728766,4.17148220524664,345,3
13,7,4413.642258695,0.000228102189781022,0.10895289703276,5,1,0.696196381808938,5196,1300,2596,3.99384615384615,90,4.17148220524664,0.0130969554323893,8,0.00307455439095162,-0.064914335728766,4.17148220524664,345,3
14,5,3126.3410360065,0.000226090888537192,0.124456195576092,5,1,0.558280652902265,3212,1300,2596,3.99384615384615,90,4.17148220524664,0.0130969554323893,8,0.00307455439095162,-0.064914335728766,4.17148220524664,345,3
15,6,2716.69710867437,0.000210216523018709,0.0625829312448241,6,1,0.623915199817008,2720,1300,2596,3.99384615384615,90,4.17148220524664,0.0130969554323893,8,0.00307455439095162,-0.064914335728766,4.17148220524664,345,3
16,32,37826.7472632678,0.000246366100024637,0.182148334895141,5,1,0.999999887913745,34317,1300,2596,3.99384615384615,90,4.17148220524664,0.0130969554323893,8,0.00307455439095162,-0.064914335728766,4.17148220524664,345,3
17,16,23055.6859615264,0.000244081034903588,0.151865801298689,5,1,0.987274071579043,16995,1300,2596,3.99384615384615,90,4.17148220524664,0.0130969554323893,8,0.00307455439095162,-0.064914335728766,4.17148220524664,345,3
18,24,24761.9308240491,0.000246244767298695,0.230718008025107,5,1,0.999931735050259,26519,1300,2596,3.99384615384615,90,4.17148220524664,0.0130969554323893,8,0.00307455439095162,-0.064914335728766,4.17148220524664,345,3
19,26,27669.9239220738,0.000236294896030246,0.142274950940127,5,1,0.999988688290986,24275,1300,2596,3.99384615384615,90,4.17148220524664,0.0130969554323893,8,0.00307455439095162,-0.064914335728766,4.17148220524664,345,3
20,21,25266.2043146219,0.000243961941937058,0.183680418150652,5,1,0.999257878281245,21400,1300,2596,3.99384615384615,90,4.17148220524664,0.0130969554323893,8,0.00307455439095162,-0.064914335728766,4.17148220524664,345,3
21,18,14425.9760430305,0.000223914017017465,0.0726635811012301,6,1,0.99557840671997,13243,1300,2596,3.99384615384615,90,4.17148220524664,0.0130969554323893,8,0.00307455439095162,-0.064914335728766,4.17148220524664,345,3
22,6,3536.45617072699,0.000220118864186661,0.0752593884238501,5,1,0.618571434961825,3400,1300,2596,3.99384615384615,90,4.17148220524664,0.0130969554323893,8,0.00307455439095162,-0.064914335728766,4.17148220524664,345,3
23,5,1236.03620569586,0.000200160128102482,0.0382676160973613,6,1,0.580989652673772,1648,1300,2596,3.99384615384615,90,4.17148220524664,0.0130969554323893,8,0.00307455439095162,-0.064914335728766,4.17148220524664,345,3
24,26,34236.1367884593,0.000246974561620153,0.142787632840805,5,1,0.999983953296576,29800,1300,2596,3.99384615384615,90,4.17148220524664,0.0130969554323893,8,0.00307455439095162,-0.064914335728766,4.17148220524664,345,3
25,13,13642.4367027616,0.000235017626321974,0.140996699133701,5,1,0.948879237729371,11616,1300,2596,3.99384615384615,90,4.17148220524664,0.0130969554323893,8,0.00307455439095162,-0.064914335728766,4.17148220524664,345,3
26,10,8454.03759088169,0.000221434898139947,0.0774003829496198,5,1,0.871925838963439,6570,1300,2596,3.99384615384615,90,4.17148220524664,0.0130969554323893,8,0.00307455439095162,-0.064914335728766,4.17148220524664,345,3
27,18,16586.1963373271,0.000228362639872117,0.144183926790255,5,1,0.996367403949356,13906,1300,2596,3.99384615384615,90,4.17148220524664,0.0130969554323893,8,0.00307455439095162,-0.064914335728766,4.17148220524664,345,3
28,4,1613.69184638025,0.000201816347124117,0.0330004712389546,6,1,0.50182912206885,1224,1300,2596,3.99384615384615,90,4.17148220524664,0.0130969554323893,8,0.00307455439095162,-0.064914335728766,4.17148220524664,345,3
29,5,1674.86832411665,0.000205170291341814,0.0331325727418348,6,1,0.56307510868618,1948,1300,2596,3.99384615384615,90,4.17148220524664,0.0130969554323893,8,0.00307455439095162,-0.064914335728766,4.17148220524664,345,3
30,4,592.919443473322,0.000185908161368284,0.0141432041693583,6,1,0.506074186634402,696,1300,2596,3.99384615384615,90,4.17148220524664,0.0130969554323893,8,0.00307455439095162,-0.064914335728766,4.17148220524664,345,3
31,29,27785.5410180109,0.000231857175979597,0.0827795185902069,5,1,0.999999016291796,23716,1300,2596,3.99384615384615,90,4.17148220524664,0.0130969554323893,8,0.00307455439095162,-0.064914335728766,4.17148220524664,345,3
32,19,16905.5536361292,0.000233100233100233,0.136006264139364,5,1,0.997563078853512,15840,1300,2596,3.99384615384615,90,4.17148220524664,0.0130969554323893,8,0.00307455439095162,-0.064914335728766,4.17148220524664,345,3
33,3,570.24745756573,0.000225073148773351,0.111819986599088,5,1,0.408012708139393,1594,1300,2596,3.99384615384615,90,4.17148220524664,0.0130969554323893,8,0.00307455439095162,-0.064914335728766,4.17148220524664,345,3
34,14,14103.3023912284,0.00022691173133651,0.113842097784799,6,1,0.971633158617097,10764,1300,2596,3.99384615384615,90,4.17148220524664,0.0130969554323893,8,0.00307455439095162,-0.064914335728766,4.17148220524664,345,3
35,23,24526.875690462,0.000232720502676286,0.116112912006295,5,1,0.999833699059135,18876,1300,2596,3.99384615384615,90,4.17148220524664,0.0130969554323893,8,0.00307455439095162,-0.064914335728766,4.17148220524664,345,3
36,8,7945.76276347251,0.000233808744447042,0.124946803269161,5,1,0.759250712729005,6685,1300,2596,3.99384615384615,90,4.17148220524664,0.0130969554323893,8,0.00307455439095162,-0.064914335728766,4.17148220524664,345,3
37,19,13342.6848239287,0.0002211900022119,0.0928773336011955,5,1,0.998279289989257,12582,1300,2596,3.99384615384615,90,4.17148220524664,0.0130969554323893,8,0.00307455439095162,-0.064914335728766,4.17148220524664,345,3
38,12,6484.14317191627,0.000211774671749259,0.0451031295408878,6,1,0.924712417232541,6270,1300,2596,3.99384615384615,90,4.17148220524664,0.0130969554323893,8,0.00307455439095162,-0.064914335728766,4.17148220524664,345,3
39,6,2365.75416343808,0.000202552157180474,0.027656865552573,6,1,0.640556815792789,2135,1300,2596,3.99384615384615,90,4.17148220524664,0.0130969554323893,8,0.00307455439095162,-0.064914335728766,4.17148220524664,345,3
40,15,11934.966584342,0.000215982721382289,0.0497082910834945,6,1,0.975176722884859,7714,1300,2596,3.99384615384615,90,4.17148220524664,0.0130969554323893,8,0.00307455439095162,-0.064914335728766,4.17148220524664,345,3
41,8,6861.52389033051,0.000233426704014939,0.113229975346019,5,1,0.779250087483006,6916,1300,2596,3.99384615384615,90,4.17148220524664,0.0130969554323893,8,0.00307455439095162,-0.064914335728766,4.17148220524664,345,3
42,7,3684.37907771971,0.000197044334975369,0.0237798762048954,6,1,0.710674402013486,2106,1300,2596,3.99384615384615,90,4.17148220524664,0.0130969554323893,8,0.00307455439095162,-0.064914335728766,4.17148220524664,345,3
43,10,4951.92759536438,0.000203500203500203,0.0437700258662161,6,1,0.87336758081243,4023,1300,2596,3.99384615384615,90,4.17148220524664,0.0130969554323893,8,0.00307455439095162,-0.064914335728766,4.17148220524664,345,3
44,12,10278.7719412086,0.00023191094619666,0.138666849454594,5,1,0.933343431867958,9801,1300,2596,3.99384615384615,90,4.17148220524664,0.0130969554323893,8,0.00307455439095162,-0.064914335728766,4.17148220524664,345,3
45,16,12322.6257771697,0.000223513634331694,0.129304592944098,5,1,0.99106509569118,10920,1300,2596,3.99384615384615,90,4.17148220524664,0.0130969554323893,8,0.00307455439095162,-0.064914335728766,4.17148220524664,345,3
46,9,4070.04778615628,0.000200561572402728,0.0363241043670953,6,1,0.812809556269306,3312,1300,2596,3.99384615384615,90,4.17148220524664,0.0130969554323893,8,0.00307455439095162,-0.064914335728766,4.17148220524664,345,3
47,5,2350.0845092398,0.000206654267410622,0.0369243671067715,6,1,0.571750661621985,1840,1300,2596,3.99384615384615,90,4.17148220524664,0.0130969554323893,8,0.00307455439095162,-0.064914335728766,4.17148220524664,345,3
48,11,7183.32447238621,0.000206355757325629,0.0348374497715931,6,1,0.903541088723042,4660,1300,2596,3.99384615384615,90,4.17148220524664,0.0130969554323893,8,0.00307455439095162,-0.064914335728766,4.17148220524664,345,3
49,7,7155.27555090638,0.000237981913374584,0.171328107260187,5,1,0.689355640855931,6126,1300,2596,3.99384615384615,90,4.17148220524664,0.0130969554323893,8,0.00307455439095162,-0.064914335728766,4.17148220524664,345,3
50,8,6738.08580248407,0.000225886604924328,0.0973454315008417,5,1,0.773672918563657,5824,1300,2596,3.99384615384615,90,4.17148220524664,0.0130969554323893,8,0.00307455439095162,-0.064914335728766,4.17148220524664,345,3
51,4,1683.25656914346,0.000201045436268597,0.0387548635399503,6,1,0.499039420555906,1224,1300,2596,3.99384615384615,90,4.17148220524664,0.0130969554323893,8,0.00307455439095162,-0.064914335728766,4.17148220524664,345,3
52,3,632.722076949847,0.000182348650619985,0.0163961541000449,6,1,0.418035969604589,416,1300,2596,3.99384615384615,90,4.17148220524664,0.0130969554323893,8,0.00307455439095162,-0.064914335728766,4.17148220524664,345,3
53,12,9595.57906710752,0.000230574129582661,0.127143982603418,5,1,0.92250969008536,9691,1300,2596,3.99384615384615,90,4.17148220524664,0.0130969554323893,8,0.00307455439095162,-0.064914335728766,4.17148220524664,345,3
54,5,2266.49017393081,0.000207684319833853,0.043138459192615,6,1,0.549447892475072,2068,1300,2596,3.99384615384615,90,4.17148220524664,0.0130969554323893,8,0.00307455439095162,-0.064914335728766,4.17148220524664,345,3
55,11,8730.48447124645,0.000216262975778547,0.0626841604979411,6,1,0.907203061522662,6240,1300,2596,3.99384615384615,90,4.17148220524664,0.0130969554323893,8,0.00307455439095162,-0.064914335728766,4.17148220524664,345,3
56,11,8564.4675965853,0.000220848056537102,0.0740184939961033,5,1,0.908667489086375,6660,1300,2596,3.99384615384615,90,4.17148220524664,0.0130969554323893,8,0.00307455439095162,-0.064914335728766,4.17148220524664,345,3
57,3,777.905081030081,0.000232774674115456,0.13674147393796,5,1,0.41107209314011,1880,1300,2596,3.99384615384615,90,4.17148220524664,0.0130969554323893,8,0.00307455439095162,-0.064914335728766,4.17148220524664,345,3
58,10,6992.13132805483,0.000228885328450446,0.116817958936619,5,1,0.862875435252775,7713,1300,2596,3.99384615384615,90,4.17148220524664,0.0130969554323893,8,0.00307455439095162,-0.064914335728766,4.17148220524664,345,3
59,9,6068.55839190379,0.000223914017017465,0.0976649240191041,6,1,0.828492085396337,6128,1300,2596,3.99384615384615,90,4.17148220524664,0.0130969554323893,8,0.00307455439095162,-0.064914335728766,4.17148220524664,345,3
60,3,1495.11433010831,0.000218627022299956,0.0912415610335662,5,1,0.420987472729237,1396,1300,2596,3.99384615384615,90,4.17148220524664,0.0130969554323893,8,0.00307455439095162,-0.064914335728766,4.17148220524664,345,3
61,8,7408.95942239569,0.000227324391907252,0.108505197533002,6,1,0.76214142969877,5775,1300,2596,3.99384615384615,90,4.17148220524664,0.0130969554323893,8,0.00307455439095162,-0.064914335728766,4.17148220524664,345,3
62,22,15965.5825223627,0.000209907640638119,0.0479359291255082,6,1,0.999655996723812,10269,1300,2596,3.99384615384615,90,4.17148220524664,0.0130969554323893,8,0.00307455439095162,-0.064914335728766,4.17148220524664,345,3
63,6,3260.41297538444,0.000195541650371529,0.0353942402400781,6,1,0.632009303364355,1795,1300,2596,3.99384615384615,90,4.17148220524664,0.0130969554323893,8,0.00307455439095162,-0.064914335728766,4.17148220524664,345,3
64,13,8325.05817803977,0.000203665987780041,0.0473727390553086,6,1,0.958860387076561,5112,1300,2596,3.99384615384615,90,4.17148220524664,0.0130969554323893,8,0.00307455439095162,-0.064914335728766,4.17148220524664,345,3
65,9,8447.09972204358,0.000234246896228625,0.10900365982465,5,1,0.82873585793302,7912,1300,2596,3.99384615384615,90,4.17148220524664,0.0130969554323893,8,0.00307455439095162,-0.064914335728766,4.17148220524664,345,3
66,19,19605.5424687704,0.00023084025854109,0.135054889450273,5,1,0.997117716108956,15066,1300,2596,3.99384615384615,90,4.17148220524664,0.0130969554323893,8,0.00307455439095162,-0.064914335728766,4.17148220524664,345,3
67,4,1992.38893635826,0.000189861401177141,0.0279159580536969,6,1,0.514181831281725,816,1300,2596,3.99384615384615,90,4.17148220524664,0.0130969554323893,8,0.00307455439095162,-0.064914335728766,4.17148220524664,345,3
68,6,1404.58483292048,0.000197628458498024,0.0333259268432431,6,1,0.646120033621555,1830,1300,2596,3.99384615384615,90,4.17148220524664,0.0130969554323893,8,0.00307455439095162,-0.064914335728766,4.17148220524664,345,3
69,6,2193.48521260448,0.000204582651391162,0.0314515662471572,6,1,0.637299883797921,2385,1300,2596,3.99384615384615,90,4.17148220524664,0.0130969554323893,8,0.00307455439095162,-0.064914335728766,4.17148220524664,345,3
70,6,2609.73144180212,0.000199044585987261,0.0283692736807109,6,1,0.641756030796915,1825,1300,2596,3.99384615384615,90,4.17148220524664,0.0130969554323893,8,0.00307455439095162,-0.064914335728766,4.17148220524664,345,3
71,7,6228.24655803436,0.000237416904083571,0.172216279608922,5,1,0.696086365763467,6006,1300,2596,3.99384615384615,90,4.17148220524664,0.0130969554323893,8,0.00307455439095162,-0.064914335728766,4.17148220524664,345,3
72,3,951.961166428173,0.000220361392684002,0.0963197614637138,6,1,0.419410540325194,1484,1300,2596,3.99384615384615,90,4.17148220524664,0.0130969554323893,8,0.00307455439095162,-0.064914335728766,4.17148220524664,345,3
73,9,4724.73874906392,0.000206015657189946,0.0370087771614297,6,1,0.819793007623448,3760,1300,2596,3.99384615384615,90,4.17148220524664,0.0130969554323893,8,0.00307455439095162,-0.064914335728766,4.17148220524664,345,3
74,8,7239.35079294795,0.000226090888537192,0.102148080606895,6,1,0.771999765792551,5775,1300,2596,3.99384615384615,90,4.17148220524664,0.0130969554323893,8,0.00307455439095162,-0.064914335728766,4.17148220524664,345,3
75,5,1452.20083322953,0.000199322304165836,0.0291471955024677,6,1,0.566207435154017,1524,1300,2596,3.99384615384615,90,4.17148220524664,0.0130969554323893,8,0.00307455439095162,-0.064914335728766,4.17148220524664,345,3
76,2,645.717401821521,0.00021491510853213,0.0554610187329793,5,1,0.338368425197942,634,1300,2596,3.99384615384615,90,4.17148220524664,0.0130969554323893,8,0.00307455439095162,-0.064914335728766,4.17148220524664,345,3
77,10,6099.22458507889,0.000218388294387421,0.0809528585030654,5,1,0.876862756098459,5967,1300,2596,3.99384615384615,90,4.17148220524664,0.0130969554323893,8,0.00307455439095162,-0.064914335728766,4.17148220524664,345,3
78,12,9600.37739126249,0.000222667557336896,0.0751540595070637,5,1,0.939872650633719,8074,1300,2596,3.99384615384615,90,4.17148220524664,0.0130969554323893,8,0.00307455439095162,-0.064914335728766,4.17148220524664,345,3
79,8,4585.80966694416,0.000192159877017679,0.0250002620550006,6,1,0.785674660370168,1834,1300,2596,3.99384615384615,90,4.17148220524664,0.0130969554323893,8,0.00307455439095162,-0.064914335728766,4.17148220524664,345,3
80,17,8267.41894941256,0.000209467951403435,0.0612139604319263,6,1,0.993150492502517,8496,1300,2596,3.99384615384615,90,4.17148220524664,0.0130969554323893,8,0.00307455439095162,-0.064914335728766,4.17148220524664,345,3
81,11,10116.4077339401,0.000224265530387979,0.120440218451989,5,1,0.903251431667786,7360,1300,2596,3.99384615384615,90,4.17148220524664,0.0130969554323893,8,0.00307455439095162,-0.064914335728766,4.17148220524664,345,3
82,3,401.768774249592,0.000189358076121947,0.020789332749322,6,1,0.419994674961837,544,1300,2596,3.99384615384615,90,4.17148220524664,0.0130969554323893,8,0.00307455439095162,-0.064914335728766,4.17148220524664,345,3
83,3,2177.43074956604,0.000234356690883525,0.162321671100929,5,1,0.401345390359419,1920,1300,2596,3.99384615384615,90,4.17148220524664,0.0130969554323893,8,0.00307455439095162,-0.064914335728766,4.17148220524664,345,3
84,26,29143.081690672,0.000237868696479543,0.15174959310003,5,1,0.999988643176767,23975,1300,2596,3.99384615384615,90,4.17148220524664,0.0130969554323893,8,0.00307455439095162,-0.064914335728766,4.17148220524664,345,3
85,3,6.10403664962488,0.000178348492955235,0.022483011277287,6,1,0.427069644281535,344,1300,2596,3.99384615384615,90,4.17148220524664,0.0130969554323893,8,0.00307455439095162,-0.064914335728766,4.17148220524664,345,3
86,9,2525.80996926407,0.000201369311316955,0.033201906366979,6,1,0.83167818205449,3304,1300,2596,3.99384615384615,90,4.17148220524664,0.0130969554323893,8,0.00307455439095162,-0.064914335728766,4.17148220524664,345,3
87,9,6875.91661856437,0.000227946204695692,0.109319480679314,6,1,0.801930628492717,6744,1300,2596,3.99384615384615,90,4.17148220524664,0.0130969554323893,8,0.00307455439095162,-0.064914335728766,4.17148220524664,345,3
88,9,4125.54018565156,0.0001953125,0.0201769964777492,6,1,0.836320591917558,2624,1300,2596,3.99384615384615,90,4.17148220524664,0.0130969554323893,8,0.00307455439095162,-0.064914335728766,4.17148220524664,345,3
89,7,2910.80831169454,0.000193162062970833,0.021261203256514,6,1,0.717336313518826,1878,1300,2596,3.99384615384615,90,4.17148220524664,0.0130969554323893,8,0.00307455439095162,-0.064914335728766,4.17148220524664,345,3
90,6,2050.53610733725,0.000197589409207666,0.0249309853507546,6,1,0.642386216657531,1815,1300,2596,3.99384615384615,90,4.17148220524664,0.0130969554323893,8,0.00307455439095162,-0.064914335728766,4.17148220524664,345,3
91,6,5218.00723942094,0.000236071765816808,0.131559361141622,5,1,0.637379632007631,5165,1300,2596,3.99384615384615,90,4.17148220524664,0.0130969554323893,8,0.00307455439095162,-0.064914335728766,4.17148220524664,345,3
92,5,986.532304655241,0.000193012931866435,0.0240251027923506,6,1,0.573265317351959,1208,1300,2596,3.99384615384615,90,4.17148220524664,0.0130969554323893,8,0.00307455439095162,-0.064914335728766,4.17148220524664,345,3
93,12,6653.34198989378,0.000198019801980198,0.0484454719831033,6,1,0.947101286508645,3883,1300,2596,3.99384615384615,90,4.17148220524664,0.0130969554323893,8,0.00307455439095162,-0.064914335728766,4.17148220524664,345,3
94,15,8065.27464346528,0.000206825232678387,0.0412861672311538,6,1,0.983433534409539,6734,1300,2596,3.99384615384615,90,4.17148220524664,0.0130969554323893,8,0.00307455439095162,-0.064914335728766,4.17148220524664,345,3
95,4,2990.48973878221,0.000220215811495265,0.0818786986647165,6,1,0.496524767823492,2202,1300,2596,3.99384615384615,90,4.17148220524664,0.0130969554323893,8,0.00307455439095162,-0.064914335728766,4.17148220524664,345,3
96,13,8722.14803304607,0.000225733634311512,0.116828794563269,6,1,0.959495010961737,10056,1300,2596,3.99384615384615,90,4.17148220524664,0.0130969554323893,8,0.00307455439095162,-0.064914335728766,4.17148220524664,345,3
97,5,1364.16797434191,0.000183587295759133,0.016283852409265,6,1,0.598667939141664,876,1300,2596,3.99384615384615,90,4.17148220524664,0.0130969554323893,8,0.00307455439095162,-0.064914335728766,4.17148220524664,345,3
98,2,0,0.000194817845314631,0.0254415288276895,6,1,0.337930376405307,324,1300,2596,3.99384615384615,90,4.17148220524664,0.0130969554323893,8,0.00307455439095162,-0.064914335728766,4.17148220524664,345,3
99,10,8548.26201267569,0.00021551724137931,0.0497340282666689,6,1,0.873350686322487,5427,1300,2596,3.99384615384615,90,4.17148220524664,0.0130969554323893,8,0.00307455439095162,-0.064914335728766,4.17148220524664,345,3
100,19,16835.2899129392,0.000224820143884892,0.093682112330264,5,1,0.998294322162607,13014,1300,2596,3.99384615384615,90,4.17148220524664,0.0130969554323893,8,0.00307455439095162,-0.064914335728766,4.17148220524664,345,3
101,6,2578.06433883728,0.000213720880530028,0.0672162476347035,5,1,0.641925843375681,2870,1300,2596,3.99384615384615,90,4.17148220524664,0.0130969554323893,8,0.00307455439095162,-0.064914335728766,4.17148220524664,345,3
102,12,9133.98158644185,0.000225937641211026,0.105419168519048,6,1,0.937753975214008,8877,1300,2596,3.99384615384615,90,4.17148220524664,0.0130969554323893,8,0.00307455439095162,-0.064914335728766,4.17148220524664,345,3
103,6,1600.69839920397,0.000198491464867011,0.0408881081043876,6,1,0.647696524424539,1880,1300,2596,3.99384615384615,90,4.17148220524664,0.0130969554323893,8,0.00307455439095162,-0.064914335728766,4.17148220524664,345,3
104,18,17934.8267211638,0.000228466986520448,0.0913196411173391,5,1,0.995697268537756,14093,1300,2596,3.99384615384615,90,4.17148220524664,0.0130969554323893,8,0.00307455439095162,-0.064914335728766,4.17148220524664,345,3
105,4,1256.03247757207,0.000196618167518679,0.0216457149830275,6,1,0.495631842112994,999,1300,2596,3.99384615384615,90,4.17148220524664,0.0130969554323893,8,0.00307455439095162,-0.064914335728766,4.17148220524664,345,3
106,24,23263.832670854,0.000232720502676286,0.132546492007993,5,1,0.9999299437105,20815,1300,2596,3.99384615384615,90,4.17148220524664,0.0130969554323893,8,0.00307455439095162,-0.064914335728766,4.17148220524664,345,3
107,10,5924.87168585044,0.00020165355918532,0.0241224977595734,6,1,0.874637680629506,3600,1300,2596,3.99384615384615,90,4.17148220524664,0.0130969554323893,8,0.00307455439095162,-0.064914335728766,4.17148220524664,345,3
108,3,488.563721014151,0.000186811133943583,0.0150392471984745,6,1,0.425862579123648,456,1300,2596,3.99384615384615,90,4.17148220524664,0.0130969554323893,8,0.00307455439095162,-0.064914335728766,4.17148220524664,345,3
109,8,2381.27376287596,0.00019546520719312,0.0256939150394611,6,1,0.764327539007101,2345,1300,2596,3.99384615384615,90,4.17148220524664,0.0130969554323893,8,0.00307455439095162,-0.064914335728766,4.17148220524664,345,3
110,3,625.62335576603,0.000200280392549569,0.038179436537778,6,1,0.416555791480998,802,1300,2596,3.99384615384615,90,4.17148220524664,0.0130969554323893,8,0.00307455439095162,-0.064914335728766,4.17148220524664,345,3
111,2,568.83681145456,0.000229885057471264,0.108851385207464,5,1,0.333834465410478,905,1300,2596,3.99384615384615,90,4.17148220524664,0.0130969554323893,8,0.00307455439095162,-0.064914335728766,4.17148220524664,345,3
112,4,1440.35326520191,0.000218722659667542,0.099299672108078,5,1,0.483907426242116,2073,1300,2596,3.99384615384615,90,4.17148220524664,0.0130969554323893,8,0.00307455439095162,-0.064914335728766,4.17148220524664,345,3
113,4,1768.17777163564,0.00019293845263361,0.0217200630289274,6,1,0.502333775412324,930,1300,2596,3.99384615384615,90,4.17148220524664,0.0130969554323893,8,0.00307455439095162,-0.064914335728766,4.17148220524664,345,3
114,6,2652.39819689596,0.000200080032012805,0.030430296028641,6,1,0.649819656850315,1885,1300,2596,3.99384615384615,90,4.17148220524664,0.0130969554323893,8,0.00307455439095162,-0.064914335728766,4.17148220524664,345,3
115,5,2225.13739182877,0.00019146084625694,0.0164760520389415,6,1,0.578137031273456,1096,1300,2596,3.99384615384615,90,4.17148220524664,0.0130969554323893,8,0.00307455439095162,-0.064914335728766,4.17148220524664,345,3
116,10,6443.15317178137,0.000205761316872428,0.0573996554392164,6,1,0.879305392167545,4248,1300,2596,3.99384615384615,90,4.17148220524664,0.0130969554323893,8,0.00307455439095162,-0.064914335728766,4.17148220524664,345,3
117,2,244.983580626479,0.000192270717169775,0.0225983228687545,6,1,0.340205188786419,300,1300,2596,3.99384615384615,90,4.17148220524664,0.0130969554323893,8,0.00307455439095162,-0.064914335728766,4.17148220524664,345,3
118,8,6033.60760399948,0.000223914017017465,0.0975040241345036,6,1,0.768860904479287,5530,1300,2596,3.99384615384615,90,4.17148220524664,0.0130969554323893,8,0.00307455439095162,-0.064914335728766,4.17148220524664,345,3
119,21,11470.2897835052,0.000210216523018709,0.0590460814736696,6,1,0.99948245349739,11260,1300,2596,3.99384615384615,90,4.17148220524664,0.0130969554323893,8,0.00307455439095162,-0.064914335728766,4.17148220524664,345,3
120,7,2244.99962257717,0.000188394875659382,0.0231145006514586,6,1,0.738786953779043,1524,1300,2596,3.99384615384615,90,4.17148220524664,0.0130969554323893,8,0.00307455439095162,-0.064914335728766,4.17148220524664,345,3
121,6,3260.18580740841,0.00021381227282446,0.0632908242516927,5,1,0.642093525882809,2985,1300,2596,3.99384615384615,90,4.17148220524664,0.0130969554323893,8,0.00307455439095162,-0.064914335728766,4.17148220524664,345,3
122,2,173.768782681434,0.000192381685263563,0.0232587018752414,6,1,0.341315948132531,301,1300,2596,3.99384615384615,90,4.17148220524664,0.0130969554323893,8,0.00307455439095162,-0.064914335728766,4.17148220524664,345,3
123,4,1721.6068403242,0.000220167327168648,0.0947749574975004,6,1,0.49642128535742,2157,1300,2596,3.99384615384615,90,4.17148220524664,0.0130969554323893,8,0.00307455439095162,-0.064914335728766,4.17148220524664,345,3
124,7,4489.39517336654,0.000212179079142797,0.042489762746207,6,1,0.703004356141588,3450,1300,2596,3.99384615384615,90,4.17148220524664,0.0130969554323893,8,0.00307455439095162,-0.064914335728766,4.17148220524664,345,3
125,5,2610.26555125362,0.000197316495659037,0.023024031261897,6,1,0.56738049219513,1372,1300,2596,3.99384615384615,90,4.17148220524664,0.0130969554323893,8,0.00307455439095162,-0.064914335728766,4.17148220524664,345,3
126,5,3738.25723760488,0.00019790223629527,0.033630255544383,6,1,0.574595381538576,1356,1300,2596,3.99384615384615,90,4.17148220524664,0.0130969554323893,8,0.00307455439095162,-0.064914335728766,4.17148220524664,345,3
127,5,2020.97314286244,0.000187406296851574,0.017669471066203,6,1,0.580285311921762,984,1300,2596,3.99384615384615,90,4.17148220524664,0.0130969554323893,8,0.00307455439095162,-0.064914335728766,4.17148220524664,345,3
128,3,370.759622603089,0.000189681335356601,0.0174010176801457,6,1,0.420131084105463,556,1300,2596,3.99384615384615,90,4.17148220524664,0.0130969554323893,8,0.00307455439095162,-0.064914335728766,4.17148220524664,345,3
129,5,3049.31000531745,0.000216356555603635,0.059883694885951,5,1,0.547068975259074,2456,1300,2596,3.99384615384615,90,4.17148220524664,0.0130969554323893,8,0.00307455439095162,-0.064914335728766,4.17148220524664,345,3
130,2,0,0.000203252032520325,0.0307974647468977,6,1,0.336653902040695,414,1300,2596,3.99384615384615,90,4.17148220524664,0.0130969554323893,8,0.00307455439095162,-0.064914335728766,4.17148220524664,345,3
131,13,11354.4842662958,0.000221385875581138,0.058405061629319,6,1,0.957245607055246,8244,1300,2596,3.99384615384615,90,4.17148220524664,0.0130969554323893,8,0.00307455439095162,-0.064914335728766,4.17148220524664,345,3
132,2,987.625123264994,0.000212494687632809,0.0519359947335215,5,1,0.340679421908954,573,1300,2596,3.99384615384615,90,4.17148220524664,0.0130969554323893,8,0.00307455439095162,-0.064914335728766,4.17148220524664,345,3
133,5,1434.3915791085,0.000183116645303058,0.0107879980340844,6,1,0.579342411385291,768,1300,2596,3.99384615384615,90,4.17148220524664,0.0130969554323893,8,0.00307455439095162,-0.064914335728766,4.17148220524664,345,3
134,5,2174.14589366945,0.000191131498470948,0.0152054456846014,6,1,0.558842385646919,1032,1300,2596,3.99384615384615,90,4.17148220524664,0.0130969554323893,8,0.00307455439095162,-0.064914335728766,4.17148220524664,345,3
135,10,7727.54742451856,0.000223713646532438,0.0929178619977176,6,1,0.88681042782894,7281,1300,2596,3.99384615384615,90,4.17148220524664,0.0130969554323893,8,0.00307455439095162,-0.064914335728766,4.17148220524664,345,3
136,8,4404.24104343088,0.000215982721382289,0.0643467151399581,5,1,0.781492311406704,4305,1300,2596,3.99384615384615,90,4.17148220524664,0.0130969554323893,8,0.00307455439095162,-0.064914335728766,4.17148220524664,345,3
137,3,344.320074881136,0.000172622130157086,0.00665414322223808,7,1,0.426136224977417,258,1300,2596,3.99384615384615,90,4.17148220524664,0.0130969554323893,8,0.00307455439095162,-0.064914335728766,4.17148220524664,345,3
138,11,6852.0001604205,0.000209424083769634,0.0521150829374877,6,1,0.915661484235175,5110,1300,2596,3.99384615384615,90,4.17148220524664,0.0130969554323893,8,0.00307455439095162,-0.064914335728766,4.17148220524664,345,3
139,4,1305.99696465987,0.000199322304165836,0.040134911533455,6,1,0.47377023747883,1113,1300,2596,3.99384615384615,90,4.17148220524664,0.0130969554323893,8,0.00307455439095162,-0.064914335728766,4.17148220524664,345,3
140,3,406.669899850794,0.000184162062615101,0.011337109108461,7,1,0.409439508854861,412,1300,2596,3.99384615384615,90,4.17148220524664,0.0130969554323893,8,0.00307455439095162,-0.064914335728766,4.17148220524664,345,3
141,6,3766.75222911673,0.000206355757325629,0.0430621782193949,6,1,0.640212703569295,2375,1300,2596,3.99384615384615,90,4.17148220524664,0.0130969554323893,8,0.00307455439095162,-0.064914335728766,4.17148220524664,345,3
142,4,693.690157770681,0.00019146084625694,0.0204619693552006,6,1,0.51126256672491,876,1300,2596,3.99384615384615,90,4.17148220524664,0.0130969554323893,8,0.00307455439095162,-0.064914335728766,4.17148220524664,345,3
143,7,1422.07401637009,0.000182648401826484,0.0174216160311618,6,1,0.732659431697778,1230,1300,2596,3.99384615384615,90,4.17148220524664,0.0130969554323893,8,0.00307455439095162,-0.064914335728766,4.17148220524664,345,3
144,18,10773.3295913979,0.000209292591042277,0.0366410353095591,6,1,0.996478477939058,8840,1300,2596,3.99384615384615,90,4.17148220524664,0.0130969554323893,8,0.00307455439095162,-0.064914335728766,4.17148220524664,345,3
145,3,2107.32821649445,0.000198649185538339,0.0292743985677671,6,1,0.41917269603907,744,1300,2596,3.99384615384615,90,4.17148220524664,0.0130969554323893,8,0.00307455439095162,-0.064914335728766,4.17148220524664,345,3
146,7,3383.09649618056,0.000197550375345713,0.0352026754150347,6,1,0.7280369088081,2184,1300,2596,3.99384615384615,90,4.17148220524664,0.0130969554323893,8,0.00307455439095162,-0.064914335728766,4.17148220524664,345,3
147,11,4908.56211981261,0.000202798620969377,0.0439530673578762,6,1,0.907826310584156,4210,1300,2596,3.99384615384615,90,4.17148220524664,0.0130969554323893,8,0.00307455439095162,-0.064914335728766,4.17148220524664,345,3
148,2,49.0051599850782,0.000181126607498642,0.0196643847803823,6,1,0.343853359944949,187,1300,2596,3.99384615384615,90,4.17148220524664,0.0130969554323893,8,0.00307455439095162,-0.064914335728766,4.17148220524664,345,3
149,2,83.9484731771496,0.000198530871550526,0.0422521991000571,6,1,0.34449770669056,377,1300,2596,3.99384615384615,90,4.17148220524664,0.0130969554323893,8,0.00307455439095162,-0.064914335728766,4.17148220524664,345,3
150,5,1969.95300675879,0.000193498452012384,0.016127701550406,6,1,0.572401179757306,1096,1300,2596,3.99384615384615,90,4.17148220524664,0.0130969554323893,8,0.00307455439095162,-0.064914335728766,4.17148220524664,345,3
151,3,594.365683012192,0.000198176773682124,0.037120351171335,6,1,0.428898103107412,740,1300,2596,3.99384615384615,90,4.17148220524664,0.0130969554323893,8,0.00307455439095162,-0.064914335728766,4.17148220524664,345,3
152,9,3560.76804800043,0.000197628458498024,0.0424059651247233,6,1,0.839362566086039,2696,1300,2596,3.99384615384615,90,4.17148220524664,0.0130969554323893,8,0.00307455439095162,-0.064914335728766,4.17148220524664,345,3
153,10,4593.63609626898,0.000201531640467553,0.0354965098863803,6,1,0.883345625466741,3636,1300,2596,3.99384615384615,90,4.17148220524664,0.0130969554323893,8,0.00307455439095162,-0.064914335728766,4.17148220524664,345,3
154,2,202.363667384234,0.00018628912071535,0.0143157194930084,6,1,0.345852565466206,235,1300,2596,3.99384615384615,90,4.17148220524664,0.0130969554323893,8,0.00307455439095162,-0.064914335728766,4.17148220524664,345,3
155,7,2495.59344626518,0.000175162024873008,0.00602981125414024,6,1,0.726700680430549,720,1300,2596,3.99384615384615,90,4.17148220524664,0.0130969554323893,8,0.00307455439095162,-0.064914335728766,4.17148220524664,345,3
156,3,971.254899837322,0.000193050193050193,0.0174131525951977,6,1,0.417267973335606,560,1300,2596,3.99384615384615,90,4.17148220524664,0.0130969554323893,8,0.00307455439095162,-0.064914335728766,4.17148220524664,345,3
157,2,40.6630552024515,0.00018754688672168,0.0255373245266474,6,1,0.339311146678714,245,1300,2596,3.99384615384615,90,4.17148220524664,0.0130969554323893,8,0.00307455439095162,-0.064914335728766,4.17148220524664,345,3
158,3,481.154250051285,0.000220070422535211,0.0863005893290565,6,1,0.415356831071989,1480,1300,2596,3.99384615384615,90,4.17148220524664,0.0130969554323893,8,0.00307455439095162,-0.064914335728766,4.17148220524664,345,3
159,4,1487.10717542476,0.000194704049844237,0.016384865434625,6,1,0.498335794000343,855,1300,2596,3.99384615384615,90,4.17148220524664,0.0130969554323893,8,0.00307455439095162,-0.064914335728766,4.17148220524664,345,3
160,19,10320.6783597205,0.000192196809532962,0.0161232027109071,6,1,0.998414273531841,4626,1300,2596,3.99384615384615,90,4.17148220524664,0.0130969554323893,8,0.00307455439095162,-0.064914335728766,4.17148220524664,345,3
161,4,1892.45826779213,0.000197433366238894,0.0303719804910105,6,1,0.493320644004048,1059,1300,2596,3.99384615384615,90,4.17148220524664,0.0130969554323893,8,0.00307455439095162,-0.064914335728766,4.17148220524664,345,3
162,5,1530.60690207482,0.000191350937619594,0.0235037954779814,6,1,0.574734066434185,1188,1300,2596,3.99384615384615,90,4.17148220524664,0.0130969554323893,8,0.00307455439095162,-0.064914335728766,4.17148220524664,345,3
163,5,3515.3457098866,0.000209205020920502,0.0515912593068098,6,1,0.554256771334532,2072,1300,2596,3.99384615384615,90,4.17148220524664,0.0130969554323893,8,0.00307455439095162,-0.064914335728766,4.17148220524664,345,3
164,5,1918.08396239834,0.000187441424554827,0.0177304900301598,6,1,0.581320044742458,952,1300,2596,3.99384615384615,90,4.17148220524664,0.0130969554323893,8,0.00307455439095162,-0.064914335728766,4.17148220524664,345,3
165,5,2017.18263975601,0.000197199763360284,0.0197138900314337,6,1,0.552822376232003,1248,1300,2596,3.99384615384615,90,4.17148220524664,0.0130969554323893,8,0.00307455439095162,-0.064914335728766,4.17148220524664,345,3
166,3,1438.41013411832,0.000217391304347826,0.0941693069227449,6,1,0.422865229257818,1358,1300,2596,3.99384615384615,90,4.17148220524664,0.0130969554323893,8,0.00307455439095162,-0.064914335728766,4.17148220524664,345,3
167,3,988.864914925466,0.000191754554170662,0.0202892494068848,6,1,0.425296174919323,552,1300,2596,3.99384615384615,90,4.17148220524664,0.0130969554323893,8,0.00307455439095162,-0.064914335728766,4.17148220524664,345,3
168,3,904.844128001683,0.000220701831825204,0.0886993677204039,6,1,0.413881757669981,1476,1300,2596,3.99384615384615,90,4.17148220524664,0.0130969554323893,8,0.00307455439095162,-0.064914335728766,4.17148220524664,345,3
169,9,3588.52647899813,0.00019293845263361,0.0274155569150053,6,1,0.838843707829666,2184,1300,2596,3.99384615384615,90,4.17148220524664,0.0130969554323893,8,0.00307455439095162,-0.064914335728766,4.17148220524664,345,3
170,11,7392.20783188884,0.000211416490486258,0.0442466842257363,6,1,0.915214294530633,5400,1300,2596,3.99384615384615,90,4.17148220524664,0.0130969554323893,8,0.00307455439095162,-0.064914335728766,4.17148220524664,345,3
171,6,3076.18256207261,0.0002210433244916,0.100810166889894,6,1,0.637238057958117,3670,1300,2596,3.99384615384615,90,4.17148220524664,0.0130969554323893,8,0.00307455439095162,-0.064914335728766,4.17148220524664,345,3
172,2,139.935660235298,0.000183688464364438,0.0164676559657009,6,1,0.340783563785163,203,1300,2596,3.99384615384615,90,4.17148220524664,0.0130969554323893,8,0.00307455439095162,-0.064914335728766,4.17148220524664,345,3
173,3,405.118680252359,0.000193124758594052,0.0205876077116155,6,1,0.410407712001379,616,1300,2596,3.99384615384615,90,4.17148220524664,0.0130969554323893,8,0.00307455439095162,-0.064914335728766,4.17148220524664,345,3
174,2,213.347960304308,0.00020124773596297,0.0450067487009556,6,1,0.336510003446828,421,1300,2596,3.99384615384615,90,4.17148220524664,0.0130969554323893,8,0.00307455439095162,-0.064914335728766,4.17148220524664,345,3
175,3,582.747603435674,0.000197044334975369,0.0296557358903572,6,1,0.421963317583306,662,1300,2596,3.99384615384615,90,4.17148220524664,0.0130969554323893,8,0.00307455439095162,-0.064914335728766,4.17148220524664,345,3
176,3,1082.00464529708,0.00018758206715438,0.0148554683312676,6,1,0.413621455982757,460,1300,2596,3.99384615384615,90,4.17148220524664,0.0130969554323893,8,0.00307455439095162,-0.064914335728766,4.17148220524664,345,3
177,4,277.93618402524,0.000188217579521927,0.0286732472402359,6,1,0.491276196239254,753,1300,2596,3.99384615384615,90,4.17148220524664,0.0130969554323893,8,0.00307455439095162,-0.064914335728766,4.17148220524664,345,3
178,12,11604.4389054758,0.000228728270814273,0.115633401571543,5,1,0.935707461964411,9229,1300,2596,3.99384615384615,90,4.17148220524664,0.0130969554323893,8,0.00307455439095162,-0.064914335728766,4.17148220524664,345,3
179,8,1830.51154360035,0.000188430374976446,0.0190213548177799,6,1,0.785379792487765,1827,1300,2596,3.99384615384615,90,4.17148220524664,0.0130969554323893,8,0.00307455439095162,-0.064914335728766,4.17148220524664,345,3
180,12,5237.52867207323,0.000183016105417277,0.00949022827263509,6,1,0.950578475308717,1903,1300,2596,3.99384615384615,90,4.17148220524664,0.0130969554323893,8,0.00307455439095162,-0.064914335728766,4.17148220524664,345,3
181,8,3496.7164391607,0.000194439043359907,0.0303484567786323,6,1,0.784553701074138,2226,1300,2596,3.99384615384615,90,4.17148220524664,0.0130969554323893,8,0.00307455439095162,-0.064914335728766,4.17148220524664,345,3
182,2,180.699989473709,0.000172294968986906,0.00692623355626841,6,1,0.343122403704059,111,1300,2596,3.99384615384615,90,4.17148220524664,0.0130969554323893,8,0.00307455439095162,-0.064914335728766,4.17148220524664,345,3
183,7,2958.04121928481,0.000198688654877806,0.0354786738856236,6,1,0.725824810065802,2322,1300,2596,3.99384615384615,90,4.17148220524664,0.0130969554323893,8,0.00307455439095162,-0.064914335728766,4.17148220524664,345,3
184,6,2526.09537929267,0.0001933114247052,0.0201603763669034,6,1,0.648109109693013,1450,1300,2596,3.99384615384615,90,4.17148220524664,0.0130969554323893,8,0.00307455439095162,-0.064914335728766,4.17148220524664,345,3
185,7,1648.34482165826,0.000186636804777902,0.0247977266703266,6,1,0.715574974515497,1218,1300,2596,3.99384615384615,90,4.17148220524664,0.0130969554323893,8,0.00307455439095162,-0.064914335728766,4.17148220524664,345,3
186,4,1666.51639045767,0.00019293845263361,0.0206013462231557,6,1,0.498927095390884,849,1300,2596,3.99384615384615,90,4.17148220524664,0.0130969554323893,8,0.00307455439095162,-0.064914335728766,4.17148220524664,345,3
187,3,2164.51182484259,0.000222965440356745,0.0881210715649834,6,1,0.404862136915703,1586,1300,2596,3.99384615384615,90,4.17148220524664,0.0130969554323893,8,0.00307455439095162,-0.064914335728766,4.17148220524664,345,3
188,3,1087.61043445063,0.00017950098725543,0.013088177235964,6,1,0.43085388010284,368,1300,2596,3.99384615384615,90,4.17148220524664,0.0130969554323893,8,0.00307455439095162,-0.064914335728766,4.17148220524664,345,3
189,7,6121.16516183448,0.000223214285714286,0.0822907160487048,6,1,0.72547877637719,4710,1300,2596,3.99384615384615,90,4.17148220524664,0.0130969554323893,8,0.00307455439095162,-0.064914335728766,4.17148220524664,345,3
190,5,2001.30556297308,0.000190548780487805,0.0208347134856297,6,1,0.589653439272488,1116,1300,2596,3.99384615384615,90,4.17148220524664,0.0130969554323893,8,0.00307455439095162,-0.064914335728766,4.17148220524664,345,3
191,2,90.2884122269722,0.000196502259775987,0.0318106459887669,6,1,0.338902977395151,355,1300,2596,3.99384615384615,90,4.17148220524664,0.0130969554323893,8,0.00307455439095162,-0.064914335728766,4.17148220524664,345,3
192,5,4638.48795318222,0.000209205020920502,0.0365574223848485,6,1,0.571016949577327,2076,1300,2596,3.99384615384615,90,4.17148220524664,0.0130969554323893,8,0.00307455439095162,-0.064914335728766,4.17148220524664,345,3
193,3,1069.71175127593,0.000191607587660471,0.0154052722640745,6,1,0.422863172629915,564,1300,2596,3.99384615384615,90,4.17148220524664,0.0130969554323893,8,0.00307455439095162,-0.064914335728766,4.17148220524664,345,3
194,6,3278.12835544147,0.00021982853374368,0.100731758482327,6,1,0.66169657941092,3595,1300,2596,3.99384615384615,90,4.17148220524664,0.0130969554323893,8,0.00307455439095162,-0.064914335728766,4.17148220524664,345,3
195,4,1692.22691322137,0.000179436569172797,0.0119512656084222,6,1,0.524862012906283,540,1300,2596,3.99384615384615,90,4.17148220524664,0.0130969554323893,8,0.00307455439095162,-0.064914335728766,4.17148220524664,345,3
196,5,1525.28919044968,0.000185597624350408,0.0128324793625796,6,1,0.574174761714478,900,1300,2596,3.99384615384615,90,4.17148220524664,0.0130969554323893,8,0.00307455439095162,-0.064914335728766,4.17148220524664,345,3
197,3,629.738849616062,0.00018491124260355,0.0132118207138182,6,1,0.42661768843604,456,1300,2596,3.99384615384615,90,4.17148220524664,0.0130969554323893,8,0.00307455439095162,-0.064914335728766,4.17148220524664,345,3
198,2,0,0.000186915887850467,0.0133432471808474,6,1,0.340692935308406,228,1300,2596,3.99384615384615,90,4.17148220524664,0.0130969554323893,8,0.00307455439095162,-0.064914335728766,4.17148220524664,345,3
199,3,1590.8172780881,0.000220264317180617,0.0911358344436251,6,1,0.416266294459469,1446,1300,2596,3.99384615384615,90,4.17148220524664,0.0130969554323893,8,0.00307455439095162,-0.064914335728766,4.17148220524664,345,3
200,6,2687.12089349146,0.000197199763360284,0.0232111523478648,6,1,0.646294242103563,1785,1300,2596,3.99384615384615,90,4.17148220524664,0.0130969554323893,8,0.00307455439095162,-0.064914335728766,4.17148220524664,345,3
201,6,675.586807018723,0.000192566917003659,0.041006854849343,6,1,0.649578644103272,1505,1300,2596,3.99384615384615,90,4.17148220524664,0.0130969554323893,8,0.00307455439095162,-0.064914335728766,4.17148220524664,345,3
202,4,375.999525722529,0.000166472448809722,0.00430559002069942,7,1,0.510745020827679,303,1300,2596,3.99384615384615,90,4.17148220524664,0.0130969554323893,8,0.00307455439095162,-0.064914335728766,4.17148220524664,345,3
203,2,690.87667258138,0.000219058050383352,0.0656272190689706,5,1,0.334979021759377,680,1300,2596,3.99384615384615,90,4.17148220524664,0.0130969554323893,8,0.00307455439095162,-0.064914335728766,4.17148220524664,345,3
204,4,1606.24864130055,0.00019669551534225,0.0235508099476748,6,1,0.501528962237564,1008,1300,2596,3.99384615384615,90,4.17148220524664,0.0130969554323893,8,0.00307455439095162,-0.064914335728766,4.17148220524664,345,3
205,7,7091.33573895199,0.000223264121455682,0.100501047058889,6,1,0.723852070805232,4434,1300,2596,3.99384615384615,90,4.17148220524664,0.0130969554323893,8,0.00307455439095162,-0.064914335728766,4.17148220524664,345,3
206,13,6623.76279057461,0.000190331176246669,0.017147919690668,6,1,0.963366883397095,3120,1300,2596,3.99384615384615,90,4.17148220524664,0.0130969554323893,8,0.00307455439095162,-0.064914335728766,4.17148220524664,345,3
207,4,1132.59724498841,0.00017149717029669,0.00574224094545939,6,1,0.511274373236348,321,1300,2596,3.99384615384615,90,4.17148220524664,0.0130969554323893,8,0.00307455439095162,-0.064914335728766,4.17148220524664,345,3
208,6,5045.32201053546,0.000236016049091338,0.167000742751347,5,1,0.646212441853808,4985,1300,2596,3.99384615384615,90,4.17148220524664,0.0130969554323893,8,0.00307455439095162,-0.064914335728766,4.17148220524664,345,3
209,4,708.322674709607,0.000180603214737222,0.00949399612949934,7,1,0.504524392487485,603,1300,2596,3.99384615384615,90,4.17148220524664,0.0130969554323893,8,0.00307455439095162,-0.064914335728766,4.17148220524664,345,3
210,5,857.630371652647,0.000197589409207666,0.0242606230468484,6,1,0.56011943442767,1456,1300,2596,3.99384615384615,90,4.17148220524664,0.0130969554323893,8,0.00307455439095162,-0.064914335728766,4.17148220524664,345,3
211,7,4338.81215398892,0.000205888408482602,0.0435913963672266,6,1,0.715699659220097,2694,1300,2596,3.99384615384615,90,4.17148220524664,0.0130969554323893,8,0.00307455439095162,-0.064914335728766,4.17148220524664,345,3
212,4,2859.11717639141,0.000230733733271804,0.110844431364461,5,1,0.499539392821703,2742,1300,2596,3.99384615384615,90,4.17148220524664,0.0130969554323893,8,0.00307455439095162,-0.064914335728766,4.17148220524664,345,3
213,5,1132.96687595888,0.000219876868953386,0.0975049239326292,6,1,0.558697363802991,2860,1300,2596,3.99384615384615,90,4.17148220524664,0.0130969554323893,8,0.00307455439095162,-0.064914335728766,4.17148220524664,345,3
214,3,1048.95799753895,0.000211819529760644,0.05398541403493,5,1,0.415390702380306,1092,1300,2596,3.99384615384615,90,4.17148220524664,0.0130969554323893,8,0.00307455439095162,-0.064914335728766,4.17148220524664,345,3
215,5,1317.80191216787,0.000162760416666667,0.00258380787377623,7,1,0.593268354865572,352,1300,2596,3.99384615384615,90,4.17148220524664,0.0130969554323893,8,0.00307455439095162,-0.064914335728766,4.17148220524664,345,3
216,2,184.760441515673,0.000198609731876862,0.0237248917799287,6,1,0.338451979818042,359,1300,2596,3.99384615384615,90,4.17148220524664,0.0130969554323893,8,0.00307455439095162,-0.064914335728766,4.17148220524664,345,3
217,8,2487.04922740274,0.000199362041467305,0.030414662373197,6,1,0.779538248241444,2646,1300,2596,3.99384615384615,90,4.17148220524664,0.0130969554323893,8,0.00307455439095162,-0.064914335728766,4.17148220524664,345,3
218,7,1787.88834990002,0.000185701021355617,0.0134642794217799,6,1,0.728587105496046,1380,1300,2596,3.99384615384615,90,4.17148220524664,0.0130969554323893,8,0.00307455439095162,-0.064914335728766,4.17148220524664,345,3
219,4,1078.62301016424,0.000177525297354873,0.00919482790825128,7,1,0.511264013726967,465,1300,2596,3.99384615384615,90,4.17148220524664,0.0130969554323893,8,0.00307455439095162,-0.064914335728766,4.17148220524664,345,3
220,7,4759.89859558493,0.000221238938053097,0.114912463158858,6,1,0.705060879402006,4242,1300,2596,3.99384615384615,90,4.17148220524664,0.0130969554323893,8,0.00307455439095162,-0.064914335728766,4.17148220524664,345,3
221,3,769.945623306288,0.000181422351233672,0.0107380833638026,6,1,0.428414308957972,394,1300,2596,3.99384615384615,90,4.17148220524664,0.0130969554323893,8,0.00307455439095162,-0.064914335728766,4.17148220524664,345,3
222,3,91.5777424500125,0.000184467810367091,0.015627363833795,6,1,0.419583839043774,428,1300,2596,3.99384615384615,90,4.17148220524664,0.0130969554323893,8,0.00307455439095162,-0.064914335728766,4.17148220524664,345,3
223,2,402.374877566129,0.000177967609894999,0.00663147388453234,6,1,0.341874386865563,123,1300,2596,3.99384615384615,90,4.17148220524664,0.0130969554323893,8,0.00307455439095162,-0.064914335728766,4.17148220524664,345,3
224,3,1984.40017493816,0.000202675314146737,0.039567205894789,6,1,0.417306444624122,838,1300,2596,3.99384615384615,90,4.17148220524664,0.0130969554323893,8,0.00307455439095162,-0.064914335728766,4.17148220524664,345,3
225,4,972.80079780022,0.000218627022299956,0.0874291872481728,6,1,0.498170861503981,2157,1300,2596,3.99384615384615,90,4.17148220524664,0.0130969554323893,8,0.00307455439095162,-0.064914335728766,4.17148220524664,345,3
226,3,103.297641234991,0.000187476565429321,0.0285887819101878,6,1,0.421134673361541,526,1300,2596,3.99384615384615,90,4.17148220524664,0.0130969554323893,8,0.00307455439095162,-0.064914335728766,4.17148220524664,345,3
227,8,2918.56476841453,0.000190512478567346,0.0254502621391571,6,1,0.787419819911439,1764,1300,2596,3.99384615384615,90,4.17148220524664,0.0130969554323893,8,0.00307455439095162,-0.064914335728766,4.17148220524664,345,3
228,9,3954.47526009106,0.00019790223629527,0.0229204636674042,6,1,0.838344572221474,2800,1300,2596,3.99384615384615,90,4.17148220524664,0.0130969554323893,8,0.00307455439095162,-0.064914335728766,4.17148220524664,345,3
229,5,2046.43206169149,0.000200280392549569,0.0266856562089156,6,1,0.563621989934642,1592,1300,2596,3.99384615384615,90,4.17148220524664,0.0130969554323893,8,0.00307455439095162,-0.064914335728766,4.17148220524664,345,3
230,2,162.192692077954,0.00017749378771743,0.00803188938867828,7,1,0.346943033758512,153,1300,2596,3.99384615384615,90,4.17148220524664,0.0130969554323893,8,0.00307455439095162,-0.064914335728766,4.17148220524664,345,3
231,2,0,0.000222915737851092,0.0912202275248106,5,1,0.333530768382003,785,1300,2596,3.99384615384615,90,4.17148220524664,0.0130969554323893,8,0.00307455439095162,-0.064914335728766,4.17148220524664,345,3
232,4,603.762835585243,0.000200080032012805,0.0306724065549729,6,1,0.484964741773169,1140,1300,2596,3.99384615384615,90,4.17148220524664,0.0130969554323893,8,0.00307455439095162,-0.064914335728766,4.17148220524664,345,3
233,2,1344.86215294565,0.000219202104340202,0.0891296587066331,5,1,0.337932837564248,711,1300,2596,3.99384615384615,90,4.17148220524664,0.0130969554323893,8,0.00307455439095162,-0.064914335728766,4.17148220524664,345,3
234,3,290.586304885826,0.000178699070764832,0.00822678772914505,6,1,0.431067861314115,342,1300,2596,3.99384615384615,90,4.17148220524664,0.0130969554323893,8,0.00307455439095162,-0.064914335728766,4.17148220524664,345,3
235,7,3642.85700170016,0.000199920031987205,0.0256166880382722,6,1,0.719347216369094,2316,1300,2596,3.99384615384615,90,4.17148220524664,0.0130969554323893,8,0.00307455439095162,-0.064914335728766,4.17148220524664,345,3
236,4,1473.49658472537,0.00020631318341242,0.0347854821370372,6,1,0.485802374574043,1512,1300,2596,3.99384615384615,90,4.17148220524664,0.0130969554323893,8,0.00307455439095162,-0.064914335728766,4.17148220524664,345,3
237,3,1894.82676997012,0.00020639834881321,0.0422754542341382,6,1,0.424570412865009,980,1300,2596,3.99384615384615,90,4.17148220524664,0.0130969554323893,8,0.00307455439095162,-0.064914335728766,4.17148220524664,345,3
238,6,2993.87805434436,0.000187300992695261,0.012044504307247,6,1,0.646042529322416,1040,1300,2596,3.99384615384615,90,4.17148220524664,0.0130969554323893,8,0.00307455439095162,-0.064914335728766,4.17148220524664,345,3
239,4,2181.32558604366,0.000193836014731537,0.0182334429692001,6,1,0.504708986397101,900,1300,2596,3.99384615384615,90,4.17148220524664,0.0130969554323893,8,0.00307455439095162,-0.064914335728766,4.17148220524664,345,3
240,10,4050.35247601792,0.000195007800312012,0.0232445397211996,6,1,0.880312661641203,2709,1300,2596,3.99384615384615,90,4.17148220524664,0.0130969554323893,8,0.00307455439095162,-0.064914335728766,4.17148220524664,345,3
241,2,488.269157780749,0.00019790223629527,0.0242030078587493,6,1,0.338982382840996,351,1300,2596,3.99384615384615,90,4.17148220524664,0.0130969554323893,8,0.00307455439095162,-0.064914335728766,4.17148220524664,345,3
242,9,4672.96197014607,0.000188430374976446,0.0135896071891598,6,1,0.848306428425094,1872,1300,2596,3.99384615384615,90,4.17148220524664,0.0130969554323893,8,0.00307455439095162,-0.064914335728766,4.17148220524664,345,3
243,3,838.498757767228,0.000191901746305891,0.0213110387619635,6,1,0.42748976473367,610,1300,2596,3.99384615384615,90,4.17148220524664,0.0130969554323893,8,0.00307455439095162,-0.064914335728766,4.17148220524664,345,3
244,8,5691.9075295302,0.000225580870742161,0.0890255375067507,6,1,0.776835755689579,5831,1300,2596,3.99384615384615,90,4.17148220524664,0.0130969554323893,8,0.00307455439095162,-0.064914335728766,4.17148220524664,345,3
245,4,1132.26821975464,0.000191241155096577,0.0177613845574496,6,1,0.49730964769343,825,1300,2596,3.99384615384615,90,4.17148220524664,0.0130969554323893,8,0.00307455439095162,-0.064914335728766,4.17148220524664,345,3
246,4,1123.19635306531,0.000184128153194623,0.0145142266640539,6,1,0.516842299295127,609,1300,2596,3.99384615384615,90,4.17148220524664,0.0130969554323893,8,0.00307455439095162,-0.064914335728766,4.17148220524664,345,3
247,8,5902.01055254263,0.000219876868953386,0.101967447775433,6,1,0.790695466140944,4928,1300,2596,3.99384615384615,90,4.17148220524664,0.0130969554323893,8,0.00307455439095162,-0.064914335728766,4.17148220524664,345,3
248,12,11860.6593525761,0.000221827861579414,0.0774548246882216,5,1,0.93538659218049,7733,1300,2596,3.99384615384615,90,4.17148220524664,0.0130969554323893,8,0.00307455439095162,-0.064914335728766,4.17148220524664,345,3
249,3,620.710747688382,0.000178986933953821,0.0085716458432096,6,1,0.423222446808597,346,1300,2596,3.99384615384615,90,4.17148220524664,0.0130969554323893,8,0.00307455439095162,-0.064914335728766,4.17148220524664,345,3
250,4,427.652780190286,0.000167448091091762,0.00443664491880517,6,1,0.5228166012275,258,1300,2596,3.99384615384615,90,4.17148220524664,0.0130969554323893,8,0.00307455439095162,-0.064914335728766,4.17148220524664,345,3
251,10,7884.9199814561,0.000237586124970302,0.180668282980253,5,1,0.869475494975458,9117,1300,2596,3.99384615384615,90,4.17148220524664,0.0130969554323893,8,0.00307455439095162,-0.064914335728766,4.17148220524664,345,3
252,5,1220.1737393341,0.00021978021978022,0.116321206327581,6,1,0.561360719335404,2788,1300,2596,3.99384615384615,90,4.17148220524664,0.0130969554323893,8,0.00307455439095162,-0.064914335728766,4.17148220524664,345,3
253,7,5577.26997767582,0.000216731686172518,0.0569760661723292,5,1,0.72131364391972,3720,1300,2596,3.99384615384615,90,4.17148220524664,0.0130969554323893,8,0.00307455439095162,-0.064914335728766,4.17148220524664,345,3
254,2,858.214041081592,0.000221877080097626,0.0794850289647148,6,1,0.338322239864494,785,1300,2596,3.99384615384615,90,4.17148220524664,0.0130969554323893,8,0.00307455439095162,-0.064914335728766,4.17148220524664,345,3
255,7,2287.12141805545,0.000187617260787992,0.0175008658635212,6,1,0.724805913944823,1584,1300,2596,3.99384615384615,90,4.17148220524664,0.0130969554323893,8,0.00307455439095162,-0.064914335728766,4.17148220524664,345,3
256,2,953.841661873229,0.000218866272707376,0.0892209464747528,5,1,0.340032420963738,686,1300,2596,3.99384615384615,90,4.17148220524664,0.0130969554323893,8,0.00307455439095162,-0.064914335728766,4.17148220524664,345,3
257,4,1191.08592332595,0.000211327134404057,0.0472107113438667,6,1,0.488827321983546,1731,1300,2596,3.99384615384615,90,4.17148220524664,0.0130969554323893,8,0.00307455439095162,-0.064914335728766,4.17148220524664,345,3
258,5,445.490613808153,0.000178507675830061,0.014050443234022,6,1,0.575009343413756,608,1300,2596,3.99384615384615,90,4.17148220524664,0.0130969554323893,8,0.00307455439095162,-0.064914335728766,4.17148220524664,345,3
259,8,6464.05338682695,0.000196463654223969,0.0164490697958182,6,1,0.787785747942227,2226,1300,2596,3.99384615384615,90,4.17148220524664,0.0130969554323893,8,0.00307455439095162,-0.064914335728766,4.17148220524664,345,3
260,2,120.321644876248,0.000170735871606625,0.00655018198785913,6,1,0.34416644263165,107,1300,2596,3.99384615384615,90,4.17148220524664,0.0130969554323893,8,0.00307455439095162,-0.064914335728766,4.17148220524664,345,3
261,4,1855.49925455243,0.000186532363365044,0.0103144696575828,6,1,0.498766453789688,576,1300,2596,3.99384615384615,90,4.17148220524664,0.0130969554323893,8,0.00307455439095162,-0.064914335728766,4.17148220524664,345,3
262,3,1239.95073767685,0.000187336080929187,0.0229528691761907,6,1,0.427487138600316,494,1300,2596,3.99384615384615,90,4.17148220524664,0.0130969554323893,8,0.00307455439095162,-0.064914335728766,4.17148220524664,345,3
263,2,0,0.000180799132164166,0.0134452580717281,6,1,0.34363870343104,154,1300,2596,3.99384615384615,90,4.17148220524664,0.0130969554323893,8,0.00307455439095162,-0.064914335728766,4.17148220524664,345,3
264,3,793.505284106068,0.000182116190129303,0.0130206896334109,6,1,0.42335897223076,350,1300,2596,3.99384615384615,90,4.17148220524664,0.0130969554323893,8,0.00307455439095162,-0.064914335728766,4.17148220524664,345,3
265,6,2023.42718133589,0.00018348623853211,0.00999799026508814,6,1,0.636782448069755,995,1300,2596,3.99384615384615,90,4.17148220524664,0.0130969554323893,8,0.00307455439095162,-0.064914335728766,4.17148220524664,345,3
266,8,2189.24846056735,0.000190114068441065,0.0203486746668271,6,1,0.787807695136493,1911,1300,2596,3.99384615384615,90,4.17148220524664,0.0130969554323893,8,0.00307455439095162,-0.064914335728766,4.17148220524664,345,3
267,4,563.467766180111,0.000181093806591815,0.014380505176703,6,1,0.496951429318747,552,1300,2596,3.99384615384615,90,4.17148220524664,0.0130969554323893,8,0.00307455439095162,-0.064914335728766,4.17148220524664,345,3
268,2,179.465603264638,0.000181818181818182,0.0141333334780609,6,1,0.34398609718399,205,1300,2596,3.99384615384615,90,4.17148220524664,0.0130969554323893,8,0.00307455439095162,-0.064914335728766,4.17148220524664,345,3
269,16,9974.62971598298,0.000199920031987205,0.0410188323653347,6,1,0.992200075212144,5145,1300,2596,3.99384615384615,90,4.17148220524664,0.0130969554323893,8,0.00307455439095162,-0.064914335728766,4.17148220524664,345,3
270,4,963.734166603055,0.000183621006243114,0.0141326486053685,6,1,0.501648632833978,654,1300,2596,3.99384615384615,90,4.17148220524664,0.0130969554323893,8,0.00307455439095162,-0.064914335728766,4.17148220524664,345,3
271,4,820.115868153864,0.000200080032012805,0.0302096387229103,6,1,0.50151552015988,1173,1300,2596,3.99384615384615,90,4.17148220524664,0.0130969554323893,8,0.00307455439095162,-0.064914335728766,4.17148220524664,345,3
272,3,695.596510935892,0.000185459940652819,0.0142961446433654,6,1,0.424589436302735,464,1300,2596,3.99384615384615,90,4.17148220524664,0.0130969554323893,8,0.00307455439095162,-0.064914335728766,4.17148220524664,345,3
273,3,903.060579944166,0.000187934598759632,0.0231422199000387,6,1,0.418834519746743,460,1300,2596,3.99384615384615,90,4.17148220524664,0.0130969554323893,8,0.00307455439095162,-0.064914335728766,4.17148220524664,345,3
274,17,9768.91774122984,0.000191168036704263,0.0151658969699745,6,1,0.996409036309455,4192,1300,2596,3.99384615384615,90,4.17148220524664,0.0130969554323893,8,0.00307455439095162,-0.064914335728766,4.17148220524664,345,3
275,6,1448.85871945355,0.000187863986473793,0.0174003627611103,6,1,0.657922546349158,1240,1300,2596,3.99384615384615,90,4.17148220524664,0.0130969554323893,8,0.00307455439095162,-0.064914335728766,4.17148220524664,345,3
276,6,3554.10628171576,0.000214776632302405,0.0607850053647768,5,1,0.644868851327961,3030,1300,2596,3.99384615384615,90,4.17148220524664,0.0130969554323893,8,0.00307455439095162,-0.064914335728766,4.17148220524664,345,3
277,2,135.491686097986,0.000170357751277683,0.00523551285434514,6,1,0.344004104408366,96,1300,2596,3.99384615384615,90,4.17148220524664,0.0130969554323893,8,0.00307455439095162,-0.064914335728766,4.17148220524664,345,3
278,11,7422.65391864656,0.000212539851222104,0.0426112507165892,6,1,0.912707879150353,5660,1300,2596,3.99384615384615,90,4.17148220524664,0.0130969554323893,8,0.00307455439095162,-0.064914335728766,4.17148220524664,345,3
279,3,1467.97886284633,0.00020096463022508,0.0370592772311001,6,1,0.420957714292857,806,1300,2596,3.99384615384615,90,4.17148220524664,0.0130969554323893,8,0.00307455439095162,-0.064914335728766,4.17148220524664,345,3
280,7,5395.95112674795,0.000221287895552113,0.0892936877865325,6,1,0.726566680035035,4518,1300,2596,3.99384615384615,90,4.17148220524664,0.0130969554323893,8,0.00307455439095162,-0.064914335728766,4.17148220524664,345,3
281,6,2036.99185640602,0.000191424196018377,0.0203309843685974,6,1,0.673056048565104,1365,1300,2596,3.99384615384615,90,4.17148220524664,0.0130969554323893,8,0.00307455439095162,-0.064914335728766,4.17148220524664,345,3
282,6,4236.57888574791,0.000212179079142797,0.0436084402451959,6,1,0.651841877358355,2890,1300,2596,3.99384615384615,90,4.17148220524664,0.0130969554323893,8,0.00307455439095162,-0.064914335728766,4.17148220524664,345,3
283,10,6680.84581959131,0.000219925225423356,0.114147915694916,6,1,0.878315320443653,6327,1300,2596,3.99384615384615,90,4.17148220524664,0.0130969554323893,8,0.00307455439095162,-0.064914335728766,4.17148220524664,345,3
284,4,1893.6266255775,0.000202880908906472,0.028545704291326,6,1,0.506647416310284,1299,1300,2596,3.99384615384615,90,4.17148220524664,0.0130969554323893,8,0.00307455439095162,-0.064914335728766,4.17148220524664,345,3
285,3,2213.77652137667,0.000211864406779661,0.0521140704630117,5,1,0.421786632881616,1120,1300,2596,3.99384615384615,90,4.17148220524664,0.0130969554323893,8,0.00307455439095162,-0.064914335728766,4.17148220524664,345,3
286,5,3245.14044458983,0.000216356555603635,0.0738051962106019,5,1,0.58731068869266,2456,1300,2596,3.99384615384615,90,4.17148220524664,0.0130969554323893,8,0.00307455439095162,-0.064914335728766,4.17148220524664,345,3
287,4,1762.4216981022,0.000218674830527006,0.0956006204830794,5,1,0.497833102406627,2079,1300,2596,3.99384615384615,90,4.17148220524664,0.0130969554323893,8,0.00307455439095162,-0.064914335728766,4.17148220524664,345,3
288,4,781.201220719982,0.000177714590367869,0.00795268964515004,6,1,0.50976268037326,477,1300,2596,3.99384615384615,90,4.17148220524664,0.0130969554323893,8,0.00307455439095162,-0.064914335728766,4.17148220524664,345,3
289,4,1884.10250676308,0.000214408233276158,0.0629952606272104,5,1,0.494596961814203,1812,1300,2596,3.99384615384615,90,4.17148220524664,0.0130969554323893,8,0.00307455439095162,-0.064914335728766,4.17148220524664,345,3
290,3,290.009061376356,0.000168719419605197,0.00427434056924707,7,1,0.421377542284425,172,1300,2596,3.99384615384615,90,4.17148220524664,0.0130969554323893,8,0.00307455439095162,-0.064914335728766,4.17148220524664,345,3
291,5,1448.29637111119,0.000187511719482468,0.0141603822163209,6,1,0.599216152041208,916,1300,2596,3.99384615384615,90,4.17148220524664,0.0130969554323893,8,0.00307455439095162,-0.064914335728766,4.17148220524664,345,3
292,5,1297.58687373752,0.000174550532379124,0.00686925936704064,6,1,0.577518989213078,488,1300,2596,3.99384615384615,90,4.17148220524664,0.0130969554323893,8,0.00307455439095162,-0.064914335728766,4.17148220524664,345,3
293,6,1969.83555369405,0.00019657951641439,0.0206072672661173,6,1,0.651906858356544,1665,1300,2596,3.99384615384615,90,4.17148220524664,0.0130969554323893,8,0.00307455439095162,-0.064914335728766,4.17148220524664,345,3
294,3,322.548786100439,0.000165043736590196,0.00471911575794811,7,1,0.431061166611148,158,1300,2596,3.99384615384615,90,4.17148220524664,0.0130969554323893,8,0.00307455439095162,-0.064914335728766,4.17148220524664,345,3
295,5,1233.35039767013,0.000182448458310527,0.0129767320042708,6,1,0.599766520220242,796,1300,2596,3.99384615384615,90,4.17148220524664,0.0130969554323893,8,0.00307455439095162,-0.064914335728766,4.17148220524664,345,3
296,5,1156.11418335,0.000185150897981855,0.0143575167411256,6,1,0.588391349686889,920,1300,2596,3.99384615384615,90,4.17148220524664,0.0130969554323893,8,0.00307455439095162,-0.064914335728766,4.17148220524664,345,3
297,5,903.538476920418,0.000180505415162455,0.0123780605204952,6,1,0.568707034548784,752,1300,2596,3.99384615384615,90,4.17148220524664,0.0130969554323893,8,0.00307455439095162,-0.064914335728766,4.17148220524664,345,3
298,4,895.852463192206,0.000181488203266788,0.0140030361636339,6,1,0.516966053575317,528,1300,2596,3.99384615384615,90,4.17148220524664,0.0130969554323893,8,0.00307455439095162,-0.064914335728766,4.17148220524664,345,3
299,3,376.937341843358,0.000193162062970833,0.0227238055638745,6,1,0.415446034206514,602,1300,2596,3.99384615384615,90,4.17148220524664,0.0130969554323893,8,0.00307455439095162,-0.064914335728766,4.17148220524664,345,3
300,4,1956.32607346457,0.000222568439795237,0.0876570772768978,6,1,0.50391355816136,2355,1300,2596,3.99384615384615,90,4.17148220524664,0.0130969554323893,8,0.00307455439095162,-0.064914335728766,4.17148220524664,345,3
301,3,500.804175210976,0.00018754688672168,0.0145998827980405,6,1,0.421370067815731,482,1300,2596,3.99384615384615,90,4.17148220524664,0.0130969554323893,8,0.00307455439095162,-0.064914335728766,4.17148220524664,345,3
302,3,865.093183401681,0.000186950831931202,0.0215709408671986,6,1,0.42754930652166,472,1300,2596,3.99384615384615,90,4.17148220524664,0.0130969554323893,8,0.00307455439095162,-0.064914335728766,4.17148220524664,345,3
303,2,101.466189607257,0.00018152114721365,0.0104013816416163,6,1,0.34970669287016,196,1300,2596,3.99384615384615,90,4.17148220524664,0.0130969554323893,8,0.00307455439095162,-0.064914335728766,4.17148220524664,345,3
304,3,1749.59202735137,0.000220118864186661,0.0899752836021192,6,1,0.414499370493221,1472,1300,2596,3.99384615384615,90,4.17148220524664,0.0130969554323893,8,0.00307455439095162,-0.064914335728766,4.17148220524664,345,3
305,2,298.129725580577,0.000216590859865714,0.088354828055173,6,1,0.342707544299218,665,1300,2596,3.99384615384615,90,4.17148220524664,0.0130969554323893,8,0.00307455439095162,-0.064914335728766,4.17148220524664,345,3
306,5,1066.13126272865,0.000196656833824975,0.0268117960699316,6,1,0.577868542356162,1408,1300,2596,3.99384615384615,90,4.17148220524664,0.0130969554323893,8,0.00307455439095162,-0.064914335728766,4.17148220524664,345,3
307,8,2755.20297380668,0.000200561572402728,0.0292064742366623,6,1,0.779798327536544,2968,1300,2596,3.99384615384615,90,4.17148220524664,0.0130969554323893,8,0.00307455439095162,-0.064914335728766,4.17148220524664,345,3
308,4,1467.36949981933,0.000220312844238819,0.109818412717181,6,1,0.494580686204795,2154,1300,2596,3.99384615384615,90,4.17148220524664,0.0130969554323893,8,0.00307455439095162,-0.064914335728766,4.17148220524664,345,3
309,3,121.265517875803,0.000175346308960196,0.00718389525468265,6,1,0.418781365773803,264,1300,2596,3.99384615384615,90,4.17148220524664,0.0130969554323893,8,0.00307455439095162,-0.064914335728766,4.17148220524664,345,3
310,5,3660.99471701738,0.000218962119553317,0.0908359991452138,5,1,0.568519379275245,2820,1300,2596,3.99384615384615,90,4.17148220524664,0.0130969554323893,8,0.00307455439095162,-0.064914335728766,4.17148220524664,345,3
311,3,1144.10060849391,0.000220215811495265,0.0801484345280823,6,1,0.41785598704242,1502,1300,2596,3.99384615384615,90,4.17148220524664,0.0130969554323893,8,0.00307455439095162,-0.064914335728766,4.17148220524664,345,3
312,6,376.653364045799,0.000195160031225605,0.0362109065645215,6,1,0.646599201119056,1775,1300,2596,3.99384615384615,90,4.17148220524664,0.0130969554323893,8,0.00307455439095162,-0.064914335728766,4.17148220524664,345,3
313,3,475.202789845158,0.000183891136447223,0.0158156190371605,6,1,0.421061890907662,456,1300,2596,3.99384615384615,90,4.17148220524664,0.0130969554323893,8,0.00307455439095162,-0.064914335728766,4.17148220524664,345,3
314,4,1251.05440188246,0.000194024058983314,0.0221833874178465,6,1,0.505108488105516,942,1300,2596,3.99384615384615,90,4.17148220524664,0.0130969554323893,8,0.00307455439095162,-0.064914335728766,4.17148220524664,345,3
315,7,6268.93428419285,0.000214086919289231,0.0551218485462271,5,1,0.74040085060418,3486,1300,2596,3.99384615384615,90,4.17148220524664,0.0130969554323893,8,0.00307455439095162,-0.064914335728766,4.17148220524664,345,3
316,6,2676.32380910113,0.000187758167480285,0.0171337429890696,6,1,0.663452741769793,1280,1300,2596,3.99384615384615,90,4.17148220524664,0.0130969554323893,8,0.00307455439095162,-0.064914335728766,4.17148220524664,345,3
317,4,1267.60244775518,0.000204624514016779,0.0426978604838264,6,1,0.505590884833018,1434,1300,2596,3.99384615384615,90,4.17148220524664,0.0130969554323893,8,0.00307455439095162,-0.064914335728766,4.17148220524664,345,3
318,7,3256.97019016618,0.000191021967526266,0.012079855716288,6,1,0.724284227561851,1530,1300,2596,3.99384615384615,90,4.17148220524664,0.0130969554323893,8,0.00307455439095162,-0.064914335728766,4.17148220524664,345,3
319,4,1115.6531291794,0.000178826895565093,0.0108648260571574,6,1,0.502366762187415,465,1300,2596,3.99384615384615,90,4.17148220524664,0.0130969554323893,8,0.00307455439095162,-0.064914335728766,4.17148220524664,345,3
320,4,1202.14085935375,0.000181192244971915,0.0119977477145381,6,1,0.507437181414121,576,1300,2596,3.99384615384615,90,4.17148220524664,0.0130969554323893,8,0.00307455439095162,-0.064914335728766,4.17148220524664,345,3
321,5,1005.17948543648,0.000181126607498642,0.0109275352666666,6,1,0.59172538361581,716,1300,2596,3.99384615384615,90,4.17148220524664,0.0130969554323893,8,0.00307455439095162,-0.064914335728766,4.17148220524664,345,3
322,2,38.9478884677414,0.000184569952011812,0.0182098598278927,6,1,0.345128253284138,233,1300,2596,3.99384615384615,90,4.17148220524664,0.0130969554323893,8,0.00307455439095162,-0.064914335728766,4.17148220524664,345,3
323,4,502.51521258599,0.00018754688672168,0.0236375370155967,6,1,0.495118658840577,786,1300,2596,3.99384615384615,90,4.17148220524664,0.0130969554323893,8,0.00307455439095162,-0.064914335728766,4.17148220524664,345,3
324,7,5649.6811499953,0.000214132762312634,0.0566137754670836,5,1,0.740364509295407,3570,1300,2596,3.99384615384615,90,4.17148220524664,0.0130969554323893,8,0.00307455439095162,-0.064914335728766,4.17148220524664,345,3
325,6,1123.25161471836,0.000185322461082283,0.0162738260567418,6,1,0.656622565696186,1170,1300,2596,3.99384615384615,90,4.17148220524664,0.0130969554323893,8,0.00307455439095162,-0.064914335728766,4.17148220524664,345,3
326,2,50.7431054124081,0.000190222560395663,0.0214726433927542,6,1,0.342453750629196,279,1300,2596,3.99384615384615,90,4.17148220524664,0.0130969554323893,8,0.00307455439095162,-0.064914335728766,4.17148220524664,345,3
327,2,110.842724772012,0.000173010380622837,0.00771146990797049,6,1,0.349863233779575,123,1300,2596,3.99384615384615,90,4.17148220524664,0.0130969554323893,8,0.00307455439095162,-0.064914335728766,4.17148220524664,345,3
328,4,1405.81511486817,0.000186115764005211,0.0123995176943842,6,1,0.499813255059244,675,1300,2596,3.99384615384615,90,4.17148220524664,0.0130969554323893,8,0.00307455439095162,-0.064914335728766,4.17148220524664,345,3
329,2,380.257324977965,0.000203169443315725,0.0456799535696981,6,1,0.336457287598252,440,1300,2596,3.99384615384615,90,4.17148220524664,0.0130969554323893,8,0.00307455439095162,-0.064914335728766,4.17148220524664,345,3
330,2,88.9177930815315,0.000177336407164391,0.0124020139173788,7,1,0.346216923084308,161,1300,2596,3.99384615384615,90,4.17148220524664,0.0130969554323893,8,0.00307455439095162,-0.064914335728766,4.17148220524664,345,3
331,2,96.7506072103514,0.00016220600162206,0.00303324934276608,7,1,0.349981045422799,72,1300,2596,3.99384615384615,90,4.17148220524664,0.0130969554323893,8,0.00307455439095162,-0.064914335728766,4.17148220524664,345,3
332,3,1095.20684398546,0.000212630236019562,0.052307630540385,5,1,0.424441096450524,1184,1300,2596,3.99384615384615,90,4.17148220524664,0.0130969554323893,8,0.00307455439095162,-0.064914335728766,4.17148220524664,345,3
333,2,466.750228982067,0.000183183733284484,0.00876142628832221,6,1,0.342385986830456,180,1300,2596,3.99384615384615,90,4.17148220524664,0.0130969554323893,8,0.00307455439095162,-0.064914335728766,4.17148220524664,345,3
334,5,1947.24823986978,0.000197083169097359,0.0238168238050556,6,1,0.589360437088813,1360,1300,2596,3.99384615384615,90,4.17148220524664,0.0130969554323893,8,0.00307455439095162,-0.064914335728766,4.17148220524664,345,3
335,2,279.560431540424,0.000211595429538722,0.0533832118662646,5,1,0.343470349847861,576,1300,2596,3.99384615384615,90,4.17148220524664,0.0130969554323893,8,0.00307455439095162,-0.064914335728766,4.17148220524664,345,3
336,3,2319.32040332664,0.000220994475138122,0.0861224836599733,6,1,0.4168636027107,1498,1300,2596,3.99384615384615,90,4.17148220524664,0.0130969554323893,8,0.00307455439095162,-0.064914335728766,4.17148220524664,345,3
337,2,90.2589729607942,0.000185288123031314,0.0171623364363288,6,1,0.343500833611848,221,1300,2596,3.99384615384615,90,4.17148220524664,0.0130969554323893,8,0.00307455439095162,-0.064914335728766,4.17148220524664,345,3
338,5,2464.96472448159,0.000193087468623286,0.0313322493220394,6,1,0.584071010536023,1152,1300,2596,3.99384615384615,90,4.17148220524664,0.0130969554323893,8,0.00307455439095162,-0.064914335728766,4.17148220524664,345,3
339,3,1027.47367936645,0.000193573364305072,0.0172506189607582,6,1,0.418914919425887,634,1300,2596,3.99384615384615,90,4.17148220524664,0.0130969554323893,8,0.00307455439095162,-0.064914335728766,4.17148220524664,345,3
340,4,1111.51405277572,0.000218197687104517,0.0985676517563973,6,1,0.487861432093784,2025,1300,2596,3.99384615384615,90,4.17148220524664,0.0130969554323893,8,0.00307455439095162,-0.064914335728766,4.17148220524664,345,3
341,7,5898.48021161285,0.000217627856365615,0.0982015355556934,6,1,0.742833027835354,3948,1300,2596,3.99384615384615,90,4.17148220524664,0.0130969554323893,8,0.00307455439095162,-0.064914335728766,4.17148220524664,345,3
342,2,92.7168927422222,0.000175592625109745,0.00671145170457266,7,1,0.350461846005048,131,1300,2596,3.99384615384615,90,4.17148220524664,0.0130969554323893,8,0.00307455439095162,-0.064914335728766,4.17148220524664,345,3
343,4,1911.05834496617,0.000200120072043226,0.0368634932319334,6,1,0.503877913156103,1191,1300,2596,3.99384615384615,90,4.17148220524664,0.0130969554323893,8,0.00307455439095162,-0.064914335728766,4.17148220524664,345,3
344,4,258.115232760875,0.000179888469149128,0.0157485515781969,6,1,0.508990489147126,552,1300,2596,3.99384615384615,90,4.17148220524664,0.0130969554323893,8,0.00307455439095162,-0.064914335728766,4.17148220524664,345,3
345,2,233.520105091274,0.000181159420289855,0.0124616276076453,6,1,0.344420261744996,170,1300,2596,3.99384615384615,90,4.17148220524664,0.0130969554323893,8,0.00307455439095162,-0.064914335728766,4.17148220524664,345,3
346,3,942.571854285607,0.000212494687632809,0.0535884033678765,5,1,0.425158946844062,1152,1300,2596,3.99384615384615,90,4.17148220524664,0.0130969554323893,8,0.00307455439095162,-0.064914335728766,4.17148220524664,345,3
347,4,960.300192845207,0.000184162062615101,0.0138812727042936,6,1,0.500466737184904,630,1300,2596,3.99384615384615,90,4.17148220524664,0.0130969554323893,8,0.00307455439095162,-0.064914335728766,4.17148220524664,345,3
348,6,1656.03038220626,0.000194099378881988,0.0214926685977902,6,1,0.657990827095635,1545,1300,2596,3.99384615384615,90,4.17148220524664,0.0130969554323893,8,0.00307455439095162,-0.064914335728766,4.17148220524664,345,3
349,6,2337.55796058426,0.000186150409530901,0.0137942708133884,6,1,0.677658630509198,1045,1300,2596,3.99384615384615,90,4.17148220524664,0.0130969554323893,8,0.00307455439095162,-0.064914335728766,4.17148220524664,345,3
350,2,51.9513401418715,0.000187758167480285,0.0237980220279542,6,1,0.340430180872275,241,1300,2596,3.99384615384615,90,4.17148220524664,0.0130969554323893,8,0.00307455439095162,-0.064914335728766,4.17148220524664,345,3
351,4,913.474975583888,0.000181884321571481,0.00975359537525643,6,1,0.507863671926701,558,1300,2596,3.99384615384615,90,4.17148220524664,0.0130969554323893,8,0.00307455439095162,-0.064914335728766,4.17148220524664,345,3
352,5,2092.55974410914,0.0002000400080016,0.0233997015281988,6,1,0.582884750141795,1452,1300,2596,3.99384615384615,90,4.17148220524664,0.0130969554323893,8,0.00307455439095162,-0.064914335728766,4.17148220524664,345,3
353,3,2544.29380645607,0.000220507166482911,0.079826309265455,6,1,0.424393401115782,1484,1300,2596,3.99384615384615,90,4.17148220524664,0.0130969554323893,8,0.00307455439095162,-0.064914335728766,4.17148220524664,345,3
354,4,1425.04311313122,0.000185666542888971,0.0146250061338004,6,1,0.515457694130848,663,1300,2596,3.99384615384615,90,4.17148220524664,0.0130969554323893,8,0.00307455439095162,-0.064914335728766,4.17148220524664,345,3
355,2,263.406872768614,0.00020116676725005,0.0367765766187177,6,1,0.34236775725082,419,1300,2596,3.99384615384615,90,4.17148220524664,0.0130969554323893,8,0.00307455439095162,-0.064914335728766,4.17148220524664,345,3
356,3,203.649683606727,0.000195427008012507,0.0328218680726967,6,1,0.418527137497274,676,1300,2596,3.99384615384615,90,4.17148220524664,0.0130969554323893,8,0.00307455439095162,-0.064914335728766,4.17148220524664,345,3
357,2,231.456033238511,0.000167280026764804,0.00328186757568233,6,1,0.35072717627005,87,1300,2596,3.99384615384615,90,4.17148220524664,0.0130969554323893,8,0.00307455439095162,-0.064914335728766,4.17148220524664,345,3
358,2,0,0.000185770016719302,0.0270190705002171,6,1,0.342499410493798,218,1300,2596,3.99384615384615,90,4.17148220524664,0.0130969554323893,8,0.00307455439095162,-0.064914335728766,4.17148220524664,345,3
359,3,279.591321734167,0.00019105846388995,0.0169429023980239,6,1,0.422372544254966,530,1300,2596,3.99384615384615,90,4.17148220524664,0.0130969554323893,8,0.00307455439095162,-0.064914335728766,4.17148220524664,345,3
360,5,1046.68583189396,0.00018875047187618,0.0275186016312733,6,1,0.57247052534105,932,1300,2596,3.99384615384615,90,4.17148220524664,0.0130969554323893,8,0.00307455439095162,-0.064914335728766,4.17148220524664,345,3
361,7,4592.06924667725,0.000201572263656521,0.0284248688527214,6,1,0.728776457533347,2424,1300,2596,3.99384615384615,90,4.17148220524664,0.0130969554323893,8,0.00307455439095162,-0.064914335728766,4.17148220524664,345,3
362,3,609.790542931612,0.000184195984527537,0.0156538766375334,6,1,0.410941094552053,468,1300,2596,3.99384615384615,90,4.17148220524664,0.0130969554323893,8,0.00307455439095162,-0.064914335728766,4.17148220524664,345,3
363,4,787.396294805588,0.000191607587660471,0.0253452366608874,6,1,0.501515077958317,870,1300,2596,3.99384615384615,90,4.17148220524664,0.0130969554323893,8,0.00307455439095162,-0.064914335728766,4.17148220524664,345,3
364,5,1000.75020654483,0.000185082361650935,0.0126294242206762,7,1,0.588576494005634,852,1300,2596,3.99384615384615,90,4.17148220524664,0.0130969554323893,8,0.00307455439095162,-0.064914335728766,4.17148220524664,345,3
365,4,1004.0649730977,0.000182615047479912,0.0135063714453849,7,1,0.508927179171659,567,1300,2596,3.99384615384615,90,4.17148220524664,0.0130969554323893,8,0.00307455439095162,-0.064914335728766,4.17148220524664,345,3
366,2,73.8501143576066,0.000180799132164166,0.0122296531149732,6,1,0.349377629552966,189,1300,2596,3.99384615384615,90,4.17148220524664,0.0130969554323893,8,0.00307455439095162,-0.064914335728766,4.17148220524664,345,3
367,3,659.522236524079,0.000218388294387421,0.0854783602714538,6,1,0.422404890952938,1410,1300,2596,3.99384615384615,90,4.17148220524664,0.0130969554323893,8,0.00307455439095162,-0.064914335728766,4.17148220524664,345,3
368,2,10.0111364942247,0.000176273576590869,0.0113555291764268,6,1,0.360448870324924,156,1300,2596,3.99384615384615,90,4.17148220524664,0.0130969554323893,8,0.00307455439095162,-0.064914335728766,4.17148220524664,345,3
369,5,4280.18325630108,0.000216356555603635,0.0640062243202596,5,1,0.585438860126955,2508,1300,2596,3.99384615384615,90,4.17148220524664,0.0130969554323893,8,0.00307455439095162,-0.064914335728766,4.17148220524664,345,3
370,2,479.053705726848,0.000219683655536028,0.0930020231765321,6,1,0.337610941353058,723,1300,2596,3.99384615384615,90,4.17148220524664,0.0130969554323893,8,0.00307455439095162,-0.064914335728766,4.17148220524664,345,3
371,5,2269.37509281626,0.000201328769881216,0.045172396429307,6,1,0.593405760395511,1628,1300,2596,3.99384615384615,90,4.17148220524664,0.0130969554323893,8,0.00307455439095162,-0.064914335728766,4.17148220524664,345,3
372,7,5900.16576738125,0.000220701831825204,0.0940707991272838,5,1,0.726242010137334,4332,1300,2596,3.99384615384615,90,4.17148220524664,0.0130969554323893,8,0.00307455439095162,-0.064914335728766,4.17148220524664,345,3
373,6,3189.31024337952,0.000196966712625566,0.0231862973734202,6,1,0.64507881870951,1740,1300,2596,3.99384615384615,90,4.17148220524664,0.0130969554323893,8,0.00307455439095162,-0.064914335728766,4.17148220524664,345,3
374,2,87.4042768179533,0.000162813415825464,0.0044386908808075,7,1,0.352299074620522,61,1300,2596,3.99384615384615,90,4.17148220524664,0.0130969554323893,8,0.00307455439095162,-0.064914335728766,4.17148220524664,345,3
375,4,2457.56988045851,0.000206996481059822,0.0336729265848426,6,1,0.507882569912272,1500,1300,2596,3.99384615384615,90,4.17148220524664,0.0130969554323893,8,0.00307455439095162,-0.064914335728766,4.17148220524664,345,3
376,2,80.4257783686645,0.000187265917602996,0.0143135708721387,6,1,0.343242204022494,219,1300,2596,3.99384615384615,90,4.17148220524664,0.0130969554323893,8,0.00307455439095162,-0.064914335728766,4.17148220524664,345,3
377,3,336.596334404602,0.000172087420409568,0.00726651526850219,7,1,0.433469700011472,242,1300,2596,3.99384615384615,90,4.17148220524664,0.0130969554323893,8,0.00307455439095162,-0.064914335728766,4.17148220524664,345,3
378,7,3949.42662399675,0.000213310580204778,0.0597147598959686,5,1,0.72989086243225,3450,1300,2596,3.99384615384615,90,4.17148220524664,0.0130969554323893,8,0.00307455439095162,-0.064914335728766,4.17148220524664,345,3
379,5,4241.94284920321,0.000220312844238819,0.0917883898165801,6,1,0.59491678884343,2916,1300,2596,3.99384615384615,90,4.17148220524664,0.0130969554323893,8,0.00307455439095162,-0.064914335728766,4.17148220524664,345,3
380,3,552.491895161294,0.000192418703097941,0.015606074385739,6,1,0.417246644856174,556,1300,2596,3.99384615384615,90,4.17148220524664,0.0130969554323893,8,0.00307455439095162,-0.064914335728766,4.17148220524664,345,3
381,4,1882.82930344793,0.000220945647370747,0.086974578347065,6,1,0.510134345384106,2271,1300,2596,3.99384615384615,90,4.17148220524664,0.0130969554323893,8,0.00307455439095162,-0.064914335728766,4.17148220524664,345,3
382,4,1269.10788715426,0.000218435998252512,0.0642350481645885,6,1,0.492374353726412,2046,1300,2596,3.99384615384615,90,4.17148220524664,0.0130969554323893,8,0.00307455439095162,-0.064914335728766,4.17148220524664,345,3
383,6,2416.91340677741,0.000194476857253987,0.0279219161930579,6,1,0.648493607126316,1490,1300,2596,3.99384615384615,90,4.17148220524664,0.0130969554323893,8,0.00307455439095162,-0.064914335728766,4.17148220524664,345,3
384,4,1136.35564128206,0.000179597701149425,0.0162027107895661,6,1,0.516489901898272,522,1300,2596,3.99384615384615,90,4.17148220524664,0.0130969554323893,8,0.00307455439095162,-0.064914335728766,4.17148220524664,345,3
385,8,3580.2354206513,0.000182748538011696,0.0109937321502465,7,1,0.788627463770268,1197,1300,2596,3.99384615384615,90,4.17148220524664,0.0130969554323893,8,0.00307455439095162,-0.064914335728766,4.17148220524664,345,3
386,4,1157.38185925085,0.000182648401826484,0.0204677644128863,6,1,0.496769486556636,522,1300,2596,3.99384615384615,90,4.17148220524664,0.0130969554323893,8,0.00307455439095162,-0.064914335728766,4.17148220524664,345,3
387,2,196.764781133379,0.000193723363037582,0.0259574010387997,6,1,0.342146214183221,322,1300,2596,3.99384615384615,90,4.17148220524664,0.0130969554323893,8,0.00307455439095162,-0.064914335728766,4.17148220524664,345,3
388,2,158.376792807744,0.000193274062620796,0.0219306726590087,6,1,0.344266815560476,305,1300,2596,3.99384615384615,90,4.17148220524664,0.0130969554323893,8,0.00307455439095162,-0.064914335728766,4.17148220524664,345,3
389,3,1161.70224691453,0.000196425063838146,0.0254960606858724,6,1,0.426401761019198,702,1300,2596,3.99384615384615,90,4.17148220524664,0.0130969554323893,8,0.00307455439095162,-0.064914335728766,4.17148220524664,345,3
390,2,0,0.000169808116827984,0.00414305754597746,6,1,0.344451331973119,87,1300,2596,3.99384615384615,90,4.17148220524664,0.0130969554323893,8,0.00307455439095162,-0.064914335728766,4.17148220524664,345,3
391,2,137.774497969351,0.000180799132164166,0.0110214089360679,6,1,0.352090079511577,162,1300,2596,3.99384615384615,90,4.17148220524664,0.0130969554323893,8,0.00307455439095162,-0.064914335728766,4.17148220524664,345,3
392,4,900.710493125817,0.000176865935620799,0.00681948346785404,7,1,0.50432934157987,459,1300,2596,3.99384615384615,90,4.17148220524664,0.0130969554323893,8,0.00307455439095162,-0.064914335728766,4.17148220524664,345,3
393,2,338.207155198702,0.000176928520877565,0.00608269887365648,6,1,0.341133426963564,130,1300,2596,3.99384615384615,90,4.17148220524664,0.0130969554323893,8,0.00307455439095162,-0.064914335728766,4.17148220524664,345,3
394,3,643.818960774367,0.000186532363365044,0.0124364639037564,6,1,0.422549928895464,466,1300,2596,3.99384615384615,90,4.17148220524664,0.0130969554323893,8,0.00307455439095162,-0.064914335728766,4.17148220524664,345,3
395,7,4612.68303010163,0.000219202104340202,0.109399864894688,6,1,0.736024229494623,4116,1300,2596,3.99384615384615,90,4.17148220524664,0.0130969554323893,8,0.00307455439095162,-0.064914335728766,4.17148220524664,345,3
396,3,378.130339917838,0.000167168171180207,0.00622987365977715,7,1,0.412888678482585,206,1300,2596,3.99384615384615,90,4.17148220524664,0.0130969554323893,8,0.00307455439095162,-0.064914335728766,4.17148220524664,345,3
397,2,156.466647933516,0.000186393289841566,0.0183528269498915,6,1,0.344146520844242,233,1300,2596,3.99384615384615,90,4.17148220524664,0.0130969554323893,8,0.00307455439095162,-0.064914335728766,4.17148220524664,345,3
398,4,2824.76242452349,0.000220848056537102,0.0923538208632348,6,1,0.50207338646441,2181,1300,2596,3.99384615384615,90,4.17148220524664,0.0130969554323893,8,0.00307455439095162,-0.064914335728766,4.17148220524664,345,3
399,3,295.261129057249,0.000194514685858782,0.0212440571367645,6,1,0.418987085393754,642,1300,2596,3.99384615384615,90,4.17148220524664,0.0130969554323893,8,0.00307455439095162,-0.064914335728766,4.17148220524664,345,3
400,5,1179.54249698433,0.00019047619047619,0.021976421092497,6,1,0.587865234218388,1176,1300,2596,3.99384615384615,90,4.17148220524664,0.0130969554323893,8,0.00307455439095162,-0.064914335728766,4.17148220524664,345,3
401,2,94.3351830438462,0.000173731758165393,0.0062507402575542,7,1,0.345582191259664,117,1300,2596,3.99384615384615,90,4.17148220524664,0.0130969554323893,8,0.00307455439095162,-0.064914335728766,4.17148220524664,345,3
402,4,1786.64503570316,0.000191094974202178,0.0163870906190111,6,1,0.513179652581,774,1300,2596,3.99384615384615,90,4.17148220524664,0.0130969554323893,8,0.00307455439095162,-0.064914335728766,4.17148220524664,345,3
403,2,144.95476040007,0.000173400381480839,0.00589841777407731,6,1,0.349072183843023,114,1300,2596,3.99384615384615,90,4.17148220524664,0.0130969554323893,8,0.00307455439095162,-0.064914335728766,4.17148220524664,345,3
404,3,313.125646038884,0.000177683013503909,0.0135895353720356,6,1,0.426981026875138,336,1300,2596,3.99384615384615,90,4.17148220524664,0.0130969554323893,8,0.00307455439095162,-0.064914335728766,4.17148220524664,345,3
405,4,2131.14269110719,0.000219250164437623,0.098775050133736,6,1,0.500720630179323,2100,1300,2596,3.99384615384615,90,4.17148220524664,0.0130969554323893,8,0.00307455439095162,-0.064914335728766,4.17148220524664,345,3
406,6,2718.98038052763,0.000212901852246115,0.0638204481554147,5,1,0.656076522861228,2900,1300,2596,3.99384615384615,90,4.17148220524664,0.0130969554323893,8,0.00307455439095162,-0.064914335728766,4.17148220524664,345,3
407,3,960.65855115055,0.000190331176246669,0.0213953846695092,6,1,0.426760593053676,536,1300,2596,3.99384615384615,90,4.17148220524664,0.0130969554323893,8,0.00307455439095162,-0.064914335728766,4.17148220524664,345,3
408,2,0,0.000220215811495265,0.0953534250276128,6,1,0.335470072442341,741,1300,2596,3.99384615384615,90,4.17148220524664,0.0130969554323893,8,0.00307455439095162,-0.064914335728766,4.17148220524664,345,3
409,3,678.212525990607,0.000197316495659037,0.025814112922927,6,1,0.427628948974688,732,1300,2596,3.99384615384615,90,4.17148220524664,0.0130969554323893,8,0.00307455439095162,-0.064914335728766,4.17148220524664,345,3
410,7,1000.29923603217,0.000167000668002672,0.00792804914377331,7,1,0.727821666317197,534,1300,2596,3.99384615384615,90,4.17148220524664,0.0130969554323893,8,0.00307455439095162,-0.064914335728766,4.17148220524664,345,3
411,2,201.94706276522,0.000186601977980967,0.0125412127648476,7,1,0.339779008908427,233,1300,2596,3.99384615384615,90,4.17148220524664,0.0130969554323893,8,0.00307455439095162,-0.064914335728766,4.17148220524664,345,3
412,7,6109.40443918705,0.000216403375892664,0.0648223176164766,5,1,0.735071622170604,3732,1300,2596,3.99384615384615,90,4.17148220524664,0.0130969554323893,8,0.00307455439095162,-0.064914335728766,4.17148220524664,345,3
413,2,222.492607338196,0.000198452073824171,0.0257443421751066,6,1,0.343884485865346,370,1300,2596,3.99384615384615,90,4.17148220524664,0.0130969554323893,8,0.00307455439095162,-0.064914335728766,4.17148220524664,345,3
414,3,327.752026493399,0.000172980453208787,0.00771151567104468,6,1,0.435965612584516,250,1300,2596,3.99384615384615,90,4.17148220524664,0.0130969554323893,8,0.00307455439095162,-0.064914335728766,4.17148220524664,345,3
415,2,57.2613183034661,0.000174733531364669,0.0100242759608836,6,1,0.351141378438815,129,1300,2596,3.99384615384615,90,4.17148220524664,0.0130969554323893,8,0.00307455439095162,-0.064914335728766,4.17148220524664,345,3
416,5,1815.26734481293,0.000172057811424639,0.00505977309314891,7,1,0.596514227612525,400,1300,2596,3.99384615384615,90,4.17148220524664,0.0130969554323893,8,0.00307455439095162,-0.064914335728766,4.17148220524664,345,3
417,2,309.576736409929,0.000212720697723889,0.0537602182131251,5,1,0.345515854646736,589,1300,2596,3.99384615384615,90,4.17148220524664,0.0130969554323893,8,0.00307455439095162,-0.064914335728766,4.17148220524664,345,3
418,6,2164.62657369545,0.000190730497806599,0.023031460649309,6,1,0.659265504274353,1340,1300,2596,3.99384615384615,90,4.17148220524664,0.0130969554323893,8,0.00307455439095162,-0.064914335728766,4.17148220524664,345,3
419,2,11.808170995671,0.00017860332202179,0.0190743803983563,6,1,0.350253767437725,177,1300,2596,3.99384615384615,90,4.17148220524664,0.0130969554323893,8,0.00307455439095162,-0.064914335728766,4.17148220524664,345,3
420,2,506.027124773985,0.000199123855037834,0.0359186475952847,6,1,0.342092545418396,385,1300,2596,3.99384615384615,90,4.17148220524664,0.0130969554323893,8,0.00307455439095162,-0.064914335728766,4.17148220524664,345,3
421,2,0,0.000184808722971724,0.0192699742012786,6,1,0.342532921072045,228,1300,2596,3.99384615384615,90,4.17148220524664,0.0130969554323893,8,0.00307455439095162,-0.064914335728766,4.17148220524664,345,3
422,4,1224.02630599196,0.000203790503362543,0.0400545646343699,6,1,0.500632328331217,1359,1300,2596,3.99384615384615,90,4.17148220524664,0.0130969554323893,8,0.00307455439095162,-0.064914335728766,4.17148220524664,345,3
423,4,1064.93028477778,0.000189000189000189,0.0233978465127748,6,1,0.496289167629345,783,1300,2596,3.99384615384615,90,4.17148220524664,0.0130969554323893,8,0.00307455439095162,-0.064914335728766,4.17148220524664,345,3
424,5,1001.35657784244,0.000182648401826484,0.0130648056637421,6,1,0.579461306539,788,1300,2596,3.99384615384615,90,4.17148220524664,0.0130969554323893,8,0.00307455439095162,-0.064914335728766,4.17148220524664,345,3
425,2,158.256430710211,0.000179115171054988,0.0113227582367961,6,1,0.346541290750185,159,1300,2596,3.99384615384615,90,4.17148220524664,0.0130969554323893,8,0.00307455439095162,-0.064914335728766,4.17148220524664,345,3
426,2,14.9008103008103,0.000178412132024978,0.008844815488896,7,1,0.350915522951379,148,1300,2596,3.99384615384615,90,4.17148220524664,0.0130969554323893,8,0.00307455439095162,-0.064914335728766,4.17148220524664,345,3
427,5,1158.33775575045,0.000166917042230012,0.00299338292546305,7,1,0.602166371377877,404,1300,2596,3.99384615384615,90,4.17148220524664,0.0130969554323893,8,0.00307455439095162,-0.064914335728766,4.17148220524664,345,3
428,2,28.4741016436138,0.000177462289263532,0.0110073187535633,6,1,0.352050769317511,146,1300,2596,3.99384615384615,90,4.17148220524664,0.0130969554323893,8,0.00307455439095162,-0.064914335728766,4.17148220524664,345,3
429,7,2753.33901950907,0.000184094256259205,0.012938131119029,6,1,0.740606025762212,1164,1300,2596,3.99384615384615,90,4.17148220524664,0.0130969554323893,8,0.00307455439095162,-0.064914335728766,4.17148220524664,345,3
430,4,821.741051975211,0.000175839634253561,0.00796613499093933,7,1,0.499610570769363,447,1300,2596,3.99384615384615,90,4.17148220524664,0.0130969554323893,8,0.00307455439095162,-0.064914335728766,4.17148220524664,345,3
431,5,3610.58612783784,0.000216872695727608,0.064297459328088,5,1,0.587980462883483,2544,1300,2596,3.99384615384615,90,4.17148220524664,0.0130969554323893,8,0.00307455439095162,-0.064914335728766,4.17148220524664,345,3
432,4,1170.52205954664,0.000189609404626469,0.0251045043515575,6,1,0.507688409100086,792,1300,2596,3.99384615384615,90,4.17148220524664,0.0130969554323893,8,0.00307455439095162,-0.064914335728766,4.17148220524664,345,3
433,7,3874.54700560989,0.000191644308164048,0.0164856227533722,6,1,0.733933859601531,1536,1300,2596,3.99384615384615,90,4.17148220524664,0.0130969554323893,8,0.00307455439095162,-0.064914335728766,4.17148220524664,345,3
434,5,1732.21796266786,0.000191644308164048,0.0200068509090466,6,1,0.568766967602708,1144,1300,2596,3.99384615384615,90,4.17148220524664,0.0130969554323893,8,0.00307455439095162,-0.064914335728766,4.17148220524664,345,3
435,2,337.763248264575,0.000193610842207164,0.0251684573747681,6,1,0.339455885399754,328,1300,2596,3.99384615384615,90,4.17148220524664,0.0130969554323893,8,0.00307455439095162,-0.064914335728766,4.17148220524664,345,3
436,5,464.904834605968,0.000165207335205683,0.00512556635933912,7,1,0.587448603862283,304,1300,2596,3.99384615384615,90,4.17148220524664,0.0130969554323893,8,0.00307455439095162,-0.064914335728766,4.17148220524664,345,3
437,3,407.843007984664,0.000183519911910442,0.0165830473299869,6,1,0.415378200113182,374,1300,2596,3.99384615384615,90,4.17148220524664,0.0130969554323893,8,0.00307455439095162,-0.064914335728766,4.17148220524664,345,3
438,2,0,0.000203252032520325,0.0307974647468977,6,1,0.336653902040695,414,1300,2596,3.99384615384615,90,4.17148220524664,0.0130969554323893,8,0.00307455439095162,-0.064914335728766,4.17148220524664,345,3
439,2,140.050852411845,0.000189250567751703,0.0157489506904083,6,1,0.341813939007911,253,1300,2596,3.99384615384615,90,4.17148220524664,0.0130969554323893,8,0.00307455439095162,-0.064914335728766,4.17148220524664,345,3
440,4,350.219744460151,0.000167168171180207,0.00544105069773597,6,1,0.519447188021855,249,1300,2596,3.99384615384615,90,4.17148220524664,0.0130969554323893,8,0.00307455439095162,-0.064914335728766,4.17148220524664,345,3
441,2,10.2322362278245,0.000173280194073817,0.00950578258209857,6,1,0.358838943793273,117,1300,2596,3.99384615384615,90,4.17148220524664,0.0130969554323893,8,0.00307455439095162,-0.064914335728766,4.17148220524664,345,3
442,4,403.036676624116,0.000171880371261602,0.00503058536212944,6,1,0.50574242699437,390,1300,2596,3.99384615384615,90,4.17148220524664,0.0130969554323893,8,0.00307455439095162,-0.064914335728766,4.17148220524664,345,3
443,4,2438.2695846636,0.000194931773879142,0.0206978487029475,6,1,0.506650835008009,942,1300,2596,3.99384615384615,90,4.17148220524664,0.0130969554323893,8,0.00307455439095162,-0.064914335728766,4.17148220524664,345,3
444,7,2524.54701571626,0.000180603214737222,0.0138213522133583,6,1,0.742764918821852,1110,1300,2596,3.99384615384615,90,4.17148220524664,0.0130969554323893,8,0.00307455439095162,-0.064914335728766,4.17148220524664,345,3
445,2,240.494626316067,0.000178794922224209,0.00713594703157899,7,1,0.345071051527506,150,1300,2596,3.99384615384615,90,4.17148220524664,0.0130969554323893,8,0.00307455439095162,-0.064914335728766,4.17148220524664,345,3
446,3,649.86197259126,0.00016849199663016,0.00382328827467699,7,1,0.420981328657948,184,1300,2596,3.99384615384615,90,4.17148220524664,0.0130969554323893,8,0.00307455439095162,-0.064914335728766,4.17148220524664,345,3
447,2,410.580826986626,0.000201816347124117,0.0392117318363703,6,1,0.338481124149473,412,1300,2596,3.99384615384615,90,4.17148220524664,0.0130969554323893,8,0.00307455439095162,-0.064914335728766,4.17148220524664,345,3
448,2,813.945318048711,0.00021944261575598,0.0772004521560526,6,1,0.341270744518783,728,1300,2596,3.99384615384615,90,4.17148220524664,0.0130969554323893,8,0.00307455439095162,-0.064914335728766,4.17148220524664,345,3
449,4,729.90836136309,0.000183519911910442,0.0118778073696324,6,1,0.508401737043011,579,1300,2596,3.99384615384615,90,4.17148220524664,0.0130969554323893,8,0.00307455439095162,-0.064914335728766,4.17148220524664,345,3
450,3,210.96153442641,0.000180245133381399,0.0108791621862256,6,1,0.426607402994364,318,1300,2596,3.99384615384615,90,4.17148220524664,0.0130969554323893,8,0.00307455439095162,-0.064914335728766,4.17148220524664,345,3
451,5,2201.1721314448,0.000223663609930664,0.0789853135692969,5,1,0.568383245415784,3056,1300,2596,3.99384615384615,90,4.17148220524664,0.0130969554323893,8,0.00307455439095162,-0.064914335728766,4.17148220524664,345,3
452,5,1121.32605189155,0.000190222560395663,0.0198462097523745,6,1,0.586268730686268,1128,1300,2596,3.99384615384615,90,4.17148220524664,0.0130969554323893,8,0.00307455439095162,-0.064914335728766,4.17148220524664,345,3
453,2,610.651295243525,0.000220604456210015,0.0792330939472345,6,1,0.337038476734804,751,1300,2596,3.99384615384615,90,4.17148220524664,0.0130969554323893,8,0.00307455439095162,-0.064914335728766,4.17148220524664,345,3
454,4,329.249414766557,0.000181620050853614,0.0130392613322657,6,1,0.506167052893955,546,1300,2596,3.99384615384615,90,4.17148220524664,0.0130969554323893,8,0.00307455439095162,-0.064914335728766,4.17148220524664,345,3
455,4,973.563084707541,0.000166889185580774,0.0030043516804553,7,1,0.513227918596149,216,1300,2596,3.99384615384615,90,4.17148220524664,0.0130969554323893,8,0.00307455439095162,-0.064914335728766,4.17148220524664,345,3
456,3,359.287236210044,0.00016608536787909,0.00453036534011084,6,1,0.43802633089083,180,1300,2596,3.99384615384615,90,4.17148220524664,0.0130969554323893,8,0.00307455439095162,-0.064914335728766,4.17148220524664,345,3
457,2,177.655837403401,0.000190439916206437,0.020459389429629,6,1,0.338948847679486,271,1300,2596,3.99384615384615,90,4.17148220524664,0.0130969554323893,8,0.00307455439095162,-0.064914335728766,4.17148220524664,345,3
458,2,80.0200080148609,0.000171438367906738,0.00748572279071814,6,1,0.356541697329481,107,1300,2596,3.99384615384615,90,4.17148220524664,0.0130969554323893,8,0.00307455439095162,-0.064914335728766,4.17148220524664,345,3
459,3,317.765821684149,0.000179565451607111,0.0100954108779174,7,1,0.418507293111361,336,1300,2596,3.99384615384615,90,4.17148220524664,0.0130969554323893,8,0.00307455439095162,-0.064914335728766,4.17148220524664,345,3
460,2,1312.50257522749,0.000211685012701101,0.0512277152916928,5,1,0.34381367843828,556,1300,2596,3.99384615384615,90,4.17148220524664,0.0130969554323893,8,0.00307455439095162,-0.064914335728766,4.17148220524664,345,3
461,3,309.61591210582,0.000189071658158442,0.0166551966823434,6,1,0.424205093689203,472,1300,2596,3.99384615384615,90,4.17148220524664,0.0130969554323893,8,0.00307455439095162,-0.064914335728766,4.17148220524664,345,3
462,4,998.217571426443,0.000175500175500175,0.0079837607211109,6,1,0.509310849067119,396,1300,2596,3.99384615384615,90,4.17148220524664,0.0130969554323893,8,0.00307455439095162,-0.064914335728766,4.17148220524664,345,3
463,2,203.895090424251,0.000199720391451967,0.0279461663200914,6,1,0.337512637336772,382,1300,2596,3.99384615384615,90,4.17148220524664,0.0130969554323893,8,0.00307455439095162,-0.064914335728766,4.17148220524664,345,3
464,3,643.469733213747,0.000167700821734026,0.0048166511258997,7,1,0.438064166373555,216,1300,2596,3.99384615384615,90,4.17148220524664,0.0130969554323893,8,0.00307455439095162,-0.064914335728766,4.17148220524664,345,3
465,2,94.9918254955221,0.000177304964539007,0.0114226755525371,7,1,0.347157375818923,140,1300,2596,3.99384615384615,90,4.17148220524664,0.0130969554323893,8,0.00307455439095162,-0.064914335728766,4.17148220524664,345,3
466,5,1718.13399000114,0.000189035916824197,0.0211051939253322,6,1,0.582139948915772,1068,1300,2596,3.99384615384615,90,4.17148220524664,0.0130969554323893,8,0.00307455439095162,-0.064914335728766,4.17148220524664,345,3
467,4,753.421668377602,0.000172057811424639,0.00736482085131087,6,1,0.52418979976928,354,1300,2596,3.99384615384615,90,4.17148220524664,0.0130969554323893,8,0.00307455439095162,-0.064914335728766,4.17148220524664,345,3
468,6,977.654902609242,0.000161004669135405,0.00249958210890457,7,1,0.681310856336505,380,1300,2596,3.99384615384615,90,4.17148220524664,0.0130969554323893,8,0.00307455439095162,-0.064914335728766,4.17148220524664,345,3
469,2,157.288752424333,0.000165343915343915,0.00520520967408367,7,1,0.349830239017842,81,1300,2596,3.99384615384615,90,4.17148220524664,0.0130969554323893,8,0.00307455439095162,-0.064914335728766,4.17148220524664,345,3
470,2,0,0.000178316690442225,0.0137135821394484,6,1,0.351504331468215,174,1300,2596,3.99384615384615,90,4.17148220524664,0.0130969554323893,8,0.00307455439095162,-0.064914335728766,4.17148220524664,345,3
471,8,2772.85332027291,0.000180864532465184,0.00886633591849181,6,1,0.79489994012409,1204,1300,2596,3.99384615384615,90,4.17148220524664,0.0130969554323893,8,0.00307455439095162,-0.064914335728766,4.17148220524664,345,3
472,2,345.219029917389,0.000176056338028169,0.00690861087329427,6,1,0.346622949464139,145,1300,2596,3.99384615384615,90,4.17148220524664,0.0130969554323893,8,0.00307455439095162,-0.064914335728766,4.17148220524664,345,3
473,5,1432.70091481832,0.000199600798403194,0.0251358016932953,6,1,0.575822241740116,1556,1300,2596,3.99384615384615,90,4.17148220524664,0.0130969554323893,8,0.00307455439095162,-0.064914335728766,4.17148220524664,345,3
474,3,1020.76784628779,0.000181653042688465,0.0148227269120803,6,1,0.430610218868903,392,1300,2596,3.99384615384615,90,4.17148220524664,0.0130969554323893,8,0.00307455439095162,-0.064914335728766,4.17148220524664,345,3
475,3,837.673826691941,0.000177210703526493,0.00911112417121883,6,1,0.433867999094102,264,1300,2596,3.99384615384615,90,4.17148220524664,0.0130969554323893,8,0.00307455439095162,-0.064914335728766,4.17148220524664,345,3
476,6,2865.67706570078,0.000179662234998203,0.00767039583463379,6,1,0.660717007136345,825,1300,2596,3.99384615384615,90,4.17148220524664,0.0130969554323893,8,0.00307455439095162,-0.064914335728766,4.17148220524664,345,3
477,2,157.174615390302,0.000173822353554667,0.00579456587983276,6,1,0.343231127177453,108,1300,2596,3.99384615384615,90,4.17148220524664,0.0130969554323893,8,0.00307455439095162,-0.064914335728766,4.17148220524664,345,3
478,3,572.045842171324,0.00018772292096865,0.0286252285900214,6,1,0.423502552128662,488,1300,2596,3.99384615384615,90,4.17148220524664,0.0130969554323893,8,0.00307455439095162,-0.064914335728766,4.17148220524664,345,3
479,5,3118.47999671273,0.000218102508178844,0.0904242070401717,6,1,0.594463831725216,2704,1300,2596,3.99384615384615,90,4.17148220524664,0.0130969554323893,8,0.00307455439095162,-0.064914335728766,4.17148220524664,345,3
480,4,1199.42815680037,0.000188359389715577,0.0171648157845356,6,1,0.509795112494273,819,1300,2596,3.99384615384615,90,4.17148220524664,0.0130969554323893,8,0.00307455439095162,-0.064914335728766,4.17148220524664,345,3
481,4,1011.1022135479,0.000178475816526861,0.0101696038868518,6,1,0.514617874815406,510,1300,2596,3.99384615384615,90,4.17148220524664,0.0130969554323893,8,0.00307455439095162,-0.064914335728766,4.17148220524664,345,3
482,3,787.212687152404,0.000195427008012507,0.0227832081729238,6,1,0.422978586173663,688,1300,2596,3.99384615384615,90,4.17148220524664,0.0130969554323893,8,0.00307455439095162,-0.064914335728766,4.17148220524664,345,3
483,3,432.532909941365,0.000179856115107914,0.0141634582464726,6,1,0.42572832717236,324,1300,2596,3.99384615384615,90,4.17148220524664,0.0130969554323893,8,0.00307455439095162,-0.064914335728766,4.17148220524664,345,3
484,4,1117.44966164728,0.000187863986473793,0.0162457014739433,6,1,0.496350385435357,720,1300,2596,3.99384615384615,90,4.17148220524664,0.0130969554323893,8,0.00307455439095162,-0.064914335728766,4.17148220524664,345,3
485,5,2134.21690514345,0.000190294957183635,0.0206600689667093,6,1,0.583395099990096,1088,1300,2596,3.99384615384615,90,4.17148220524664,0.0130969554323893,8,0.00307455439095162,-0.064914335728766,4.17148220524664,345,3
486,3,1403.6888273858,0.000187652467629949,0.0179433791112858,6,1,0.423866966021321,474,1300,2596,3.99384615384615,90,4.17148220524664,0.0130969554323893,8,0.00307455439095162,-0.064914335728766,4.17148220524664,345,3
487,2,169.371599106599,0.000181620050853614,0.0135338429227012,6,1,0.345033302708502,192,1300,2596,3.99384615384615,90,4.17148220524664,0.0130969554323893,8,0.00307455439095162,-0.064914335728766,4.17148220524664,345,3
488,4,1057.87853978811,0.000171939477303989,0.00609376397723227,7,1,0.527227722534025,372,1300,2596,3.99384615384615,90,4.17148220524664,0.0130969554323893,8,0.00307455439095162,-0.064914335728766,4.17148220524664,345,3
489,3,1628.78907668813,0.000217770034843206,0.0880245304485303,6,1,0.416699546001968,1376,1300,2596,3.99384615384615,90,4.17148220524664,0.0130969554323893,8,0.00307455439095162,-0.064914335728766,4.17148220524664,345,3
490,3,1141.58362765909,0.00022237046920169,0.0833975566725706,6,1,0.416857886280391,1574,1300,2596,3.99384615384615,90,4.17148220524664,0.0130969554323893,8,0.00307455439095162,-0.064914335728766,4.17148220524664,345,3
491,3,1174.26431327709,0.000184331797235023,0.0163359233933163,6,1,0.430512810563104,406,1300,2596,3.99384615384615,90,4.17148220524664,0.0130969554323893,8,0.00307455439095162,-0.064914335728766,4.17148220524664,345,3
492,2,220.986386125321,0.000181061017562919,0.00839028040274083,6,1,0.348641872781082,169,1300,2596,3.99384615384615,90,4.17148220524664,0.0130969554323893,8,0.00307455439095162,-0.064914335728766,4.17148220524664,345,3
493,2,44.796845742534,0.000149633398174473,0.00138398525481357,7,1,0.362798254740461,31,1300,2596,3.99384615384615,90,4.17148220524664,0.0130969554323893,8,0.00307455439095162,-0.064914335728766,4.17148220524664,345,3
494,2,27.2863978127136,0.000191350937619594,0.0228359640858756,6,1,0.348998401725907,294,1300,2596,3.99384615384615,90,4.17148220524664,0.0130969554323893,8,0.00307455439095162,-0.064914335728766,4.17148220524664,345,3
495,2,162.746163243835,0.000153751537515375,0.00166482887734274,7,1,0.356392635947144,50,1300,2596,3.99384615384615,90,4.17148220524664,0.0130969554323893,8,0.00307455439095162,-0.064914335728766,4.17148220524664,345,3
496,2,29.0377726005648,0.000173100225030293,0.00859222167366562,6,1,0.353036036569542,121,1300,2596,3.99384615384615,90,4.17148220524664,0.0130969554323893,8,0.00307455439095162,-0.064914335728766,4.17148220524664,345,3
497,5,866.185772444774,0.000182615047479912,0.0137995665360556,6,1,0.589186286868751,760,1300,2596,3.99384615384615,90,4.17148220524664,0.0130969554323893,8,0.00307455439095162,-0.064914335728766,4.17148220524664,345,3
498,2,311.553912001618,0.000185770016719302,0.0131353344649999,6,1,0.344444944963233,216,1300,2596,3.99384615384615,90,4.17148220524664,0.0130969554323893,8,0.00307455439095162,-0.064914335728766,4.17148220524664,345,3
499,2,74.3743598131601,0.00017822135091784,0.0104752711992083,6,1,0.349121093959268,154,1300,2596,3.99384615384615,90,4.17148220524664,0.0130969554323893,8,0.00307455439095162,-0.064914335728766,4.17148220524664,345,3
500,2,193.394931251239,0.000155884645362432,0.00190861566602523,7,1,0.351061581636194,59,1300,2596,3.99384615384615,90,4.17148220524664,0.0130969554323893,8,0.00307455439095162,-0.064914335728766,4.17148220524664,345,3
501,5,2109.91927094035,0.000193498452012384,0.0207696707744238,6,1,0.578397951374042,1180,1300,2596,3.99384615384615,90,4.17148220524664,0.0130969554323893,8,0.00307455439095162,-0.064914335728766,4.17148220524664,345,3
502,3,694.970860505305,0.000200843542880096,0.0316679686677395,6,1,0.417693927576624,784,1300,2596,3.99384615384615,90,4.17148220524664,0.0130969554323893,8,0.00307455439095162,-0.064914335728766,4.17148220524664,345,3
503,7,1251.2092972532,0.000182149362477231,0.0134571531269673,6,1,0.717919873007195,1170,1300,2596,3.99384615384615,90,4.17148220524664,0.0130969554323893,8,0.00307455439095162,-0.064914335728766,4.17148220524664,345,3
504,3,963.525959991934,0.000191975427145325,0.0180093813314377,6,1,0.424749339754445,582,1300,2596,3.99384615384615,90,4.17148220524664,0.0130969554323893,8,0.00307455439095162,-0.064914335728766,4.17148220524664,345,3
505,2,77.333876091229,0.000192864030858245,0.0250647272899493,6,1,0.34493407689294,309,1300,2596,3.99384615384615,90,4.17148220524664,0.0130969554323893,8,0.00307455439095162,-0.064914335728766,4.17148220524664,345,3
506,2,350.550244126875,0.000216450216450216,0.0904842609870939,6,1,0.339749013537987,659,1300,2596,3.99384615384615,90,4.17148220524664,0.0130969554323893,8,0.00307455439095162,-0.064914335728766,4.17148220524664,345,3
507,4,894.598866548171,0.000178157847853198,0.00978411716844916,6,1,0.519931443216003,414,1300,2596,3.99384615384615,90,4.17148220524664,0.0130969554323893,8,0.00307455439095162,-0.064914335728766,4.17148220524664,345,3
508,3,301.959567719863,0.000178030977390066,0.011348345950639,7,1,0.423256352431718,330,1300,2596,3.99384615384615,90,4.17148220524664,0.0130969554323893,8,0.00307455439095162,-0.064914335728766,4.17148220524664,345,3
509,6,2624.92836395753,0.000219876868953386,0.0972771614942324,5,1,0.660214055814119,3635,1300,2596,3.99384615384615,90,4.17148220524664,0.0130969554323893,8,0.00307455439095162,-0.064914335728766,4.17148220524664,345,3
510,5,1095.73401334102,0.000173761946133797,0.00686558458016303,6,1,0.588720483878681,452,1300,2596,3.99384615384615,90,4.17148220524664,0.0130969554323893,8,0.00307455439095162,-0.064914335728766,4.17148220524664,345,3
511,3,424.046938652443,0.00019657951641439,0.0225178770616134,6,1,0.422918248695978,676,1300,2596,3.99384615384615,90,4.17148220524664,0.0130969554323893,8,0.00307455439095162,-0.064914335728766,4.17148220524664,345,3
512,2,40.0609421540456,0.000178954903364352,0.0102451265701376,6,1,0.350248152333404,162,1300,2596,3.99384615384615,90,4.17148220524664,0.0130969554323893,8,0.00307455439095162,-0.064914335728766,4.17148220524664,345,3
513,3,343.605364986688,0.000182949140139041,0.0125746052089939,6,1,0.428333677600358,404,1300,2596,3.99384615384615,90,4.17148220524664,0.0130969554323893,8,0.00307455439095162,-0.064914335728766,4.17148220524664,345,3
514,2,58.9754700299465,0.000185425551641016,0.0142462006612511,6,1,0.343061889365159,203,1300,2596,3.99384615384615,90,4.17148220524664,0.0130969554323893,8,0.00307455439095162,-0.064914335728766,4.17148220524664,345,3
515,3,1330.18894732618,0.000183722212015433,0.0148045274302456,6,1,0.437403648185712,404,1300,2596,3.99384615384615,90,4.17148220524664,0.0130969554323893,8,0.00307455439095162,-0.064914335728766,4.17148220524664,345,3
516,3,432.051047906509,0.000173220162826953,0.00694671237594913,6,1,0.427653454220029,258,1300,2596,3.99384615384615,90,4.17148220524664,0.0130969554323893,8,0.00307455439095162,-0.064914335728766,4.17148220524664,345,3
517,2,48.8660041483571,0.000187863986473793,0.0220665717422544,6,1,0.349043886943457,253,1300,2596,3.99384615384615,90,4.17148220524664,0.0130969554323893,8,0.00307455439095162,-0.064914335728766,4.17148220524664,345,3
518,5,2806.21721320655,0.000221827861579414,0.0977458176879797,5,1,0.572363950959811,2968,1300,2596,3.99384615384615,90,4.17148220524664,0.0130969554323893,8,0.00307455439095162,-0.064914335728766,4.17148220524664,345,3
519,3,251.523168245749,0.00016803898504453,0.00493505714466145,7,1,0.43071101141139,200,1300,2596,3.99384615384615,90,4.17148220524664,0.0130969554323893,8,0.00307455439095162,-0.064914335728766,4.17148220524664,345,3
520,3,1014.48138186227,0.000184535892231039,0.014577343395963,6,1,0.430310640037701,454,1300,2596,3.99384615384615,90,4.17148220524664,0.0130969554323893,8,0.00307455439095162,-0.064914335728766,4.17148220524664,345,3
521,2,150.873252898844,0.000175994368180218,0.00908497785858598,6,1,0.348443205390799,135,1300,2596,3.99384615384615,90,4.17148220524664,0.0130969554323893,8,0.00307455439095162,-0.064914335728766,4.17148220524664,345,3
522,3,137.657467021283,0.000168804861580014,0.00499392878553881,7,1,0.436958001576827,192,1300,2596,3.99384615384615,90,4.17148220524664,0.0130969554323893,8,0.00307455439095162,-0.064914335728766,4.17148220524664,345,3
523,2,52.2449487263447,0.000151791135397693,0.00140919826075745,7,1,0.361520287508119,29,1300,2596,3.99384615384615,90,4.17148220524664,0.0130969554323893,8,0.00307455439095162,-0.064914335728766,4.17148220524664,345,3
524,7,1654.12128978161,0.000168548794876117,0.00526163929251246,7,1,0.744139457332028,588,1300,2596,3.99384615384615,90,4.17148220524664,0.0130969554323893,8,0.00307455439095162,-0.064914335728766,4.17148220524664,345,3
525,2,201.496667256543,0.000177872643187478,0.0101167814911729,6,1,0.346419621744909,133,1300,2596,3.99384615384615,90,4.17148220524664,0.0130969554323893,8,0.00307455439095162,-0.064914335728766,4.17148220524664,345,3
526,2,196.904210873406,0.000182748538011696,0.012784119573081,6,1,0.34919484577745,195,1300,2596,3.99384615384615,90,4.17148220524664,0.0130969554323893,8,0.00307455439095162,-0.064914335728766,4.17148220524664,345,3
527,2,275.265639049095,0.000165892501658925,0.00396114005481831,7,1,0.348359592947136,76,1300,2596,3.99384615384615,90,4.17148220524664,0.0130969554323893,8,0.00307455439095162,-0.064914335728766,4.17148220524664,345,3
528,3,818.196009289993,0.000188005264147396,0.0167622641001966,6,1,0.432188208115116,488,1300,2596,3.99384615384615,90,4.17148220524664,0.0130969554323893,8,0.00307455439095162,-0.064914335728766,4.17148220524664,345,3
529,3,143.528586451206,0.000172057811424639,0.00753988805694347,6,1,0.434132153945614,244,1300,2596,3.99384615384615,90,4.17148220524664,0.0130969554323893,8,0.00307455439095162,-0.064914335728766,4.17148220524664,345,3
530,3,931.556090949419,0.000182182546912006,0.0118814848677032,6,1,0.425425239183809,394,1300,2596,3.99384615384615,90,4.17148220524664,0.0130969554323893,8,0.00307455439095162,-0.064914335728766,4.17148220524664,345,3
531,5,1511.04492318091,0.000169376693766938,0.0042098437781692,6,1,0.595666677598461,380,1300,2596,3.99384615384615,90,4.17148220524664,0.0130969554323893,8,0.00307455439095162,-0.064914335728766,4.17148220524664,345,3
532,5,1875.47875805993,0.000192381685263563,0.0186497879505835,6,1,0.584466755701592,1160,1300,2596,3.99384615384615,90,4.17148220524664,0.0130969554323893,8,0.00307455439095162,-0.064914335728766,4.17148220524664,345,3
533,2,209.815045788293,0.000215889464594128,0.0885879326663359,6,1,0.34079386875744,650,1300,2596,3.99384615384615,90,4.17148220524664,0.0130969554323893,8,0.00307455439095162,-0.064914335728766,4.17148220524664,345,3
534,2,1000.38984233333,0.000218531468531469,0.076924735260429,6,1,0.344940258909226,713,1300,2596,3.99384615384615,90,4.17148220524664,0.0130969554323893,8,0.00307455439095162,-0.064914335728766,4.17148220524664,345,3
535,2,0,0.000216590859865714,0.0944436805191623,6,1,0.342593628775295,664,1300,2596,3.99384615384615,90,4.17148220524664,0.0130969554323893,8,0.00307455439095162,-0.064914335728766,4.17148220524664,345,3
536,4,1237.06418832817,0.000191644308164048,0.0224388281690302,6,1,0.509693714447349,861,1300,2596,3.99384615384615,90,4.17148220524664,0.0130969554323893,8,0.00307455439095162,-0.064914335728766,4.17148220524664,345,3
537,3,750.691419799212,0.000216919739696312,0.0957730721421431,6,1,0.42023664748562,1308,1300,2596,3.99384615384615,90,4.17148220524664,0.0130969554323893,8,0.00307455439095162,-0.064914335728766,4.17148220524664,345,3
538,2,105.144019115162,0.00017636684303351,0.00712919075347315,6,1,0.342848740639776,141,1300,2596,3.99384615384615,90,4.17148220524664,0.0130969554323893,8,0.00307455439095162,-0.064914335728766,4.17148220524664,345,3
539,2,33.5608200894966,0.000158679784195493,0.00282590890215083,7,1,0.364255681398391,40,1300,2596,3.99384615384615,90,4.17148220524664,0.0130969554323893,8,0.00307455439095162,-0.064914335728766,4.17148220524664,345,3
540,2,205.754549739211,0.00016498927569708,0.00323225820717478,7,1,0.350418430899074,78,1300,2596,3.99384615384615,90,4.17148220524664,0.0130969554323893,8,0.00307455439095162,-0.064914335728766,4.17148220524664,345,3
541,5,590.178531174891,0.000165920026547204,0.00414249402649312,7,1,0.594049843659738,356,1300,2596,3.99384615384615,90,4.17148220524664,0.0130969554323893,8,0.00307455439095162,-0.064914335728766,4.17148220524664,345,3
542,3,562.550842577232,0.000175407823188914,0.0114087992665473,7,1,0.434418054455951,270,1300,2596,3.99384615384615,90,4.17148220524664,0.0130969554323893,8,0.00307455439095162,-0.064914335728766,4.17148220524664,345,3
543,4,1649.55048827924,0.000172117039586919,0.0056645946578692,7,1,0.516794393946357,336,1300,2596,3.99384615384615,90,4.17148220524664,0.0130969554323893,8,0.00307455439095162,-0.064914335728766,4.17148220524664,345,3
544,4,1629.0124888007,0.000192492781520693,0.0195578976881073,6,1,0.501759451587535,870,1300,2596,3.99384615384615,90,4.17148220524664,0.0130969554323893,8,0.00307455439095162,-0.064914335728766,4.17148220524664,345,3
545,3,1547.14123111613,0.000220264317180617,0.0903926942194515,6,1,0.422456762793812,1488,1300,2596,3.99384615384615,90,4.17148220524664,0.0130969554323893,8,0.00307455439095162,-0.064914335728766,4.17148220524664,345,3
546,2,362.709669129229,0.000198925800676348,0.0355271848565582,6,1,0.34696654050483,376,1300,2596,3.99384615384615,90,4.17148220524664,0.0130969554323893,8,0.00307455439095162,-0.064914335728766,4.17148220524664,345,3
547,3,1564.09365489469,0.000198019801980198,0.026444029830146,6,1,0.428616857089183,740,1300,2596,3.99384615384615,90,4.17148220524664,0.0130969554323893,8,0.00307455439095162,-0.064914335728766,4.17148220524664,345,3
548,2,535.890895839813,0.000190985485103132,0.016992902126392,6,1,0.339330404339423,279,1300,2596,3.99384615384615,90,4.17148220524664,0.0130969554323893,8,0.00307455439095162,-0.064914335728766,4.17148220524664,345,3
549,3,238.802788714553,0.000182982616651418,0.0163032311239814,6,1,0.420631895984812,420,1300,2596,3.99384615384615,90,4.17148220524664,0.0130969554323893,8,0.00307455439095162,-0.064914335728766,4.17148220524664,345,3
550,10,3348.48925066209,0.000185942729639271,0.014382430328037,6,1,0.886243283977936,1917,1300,2596,3.99384615384615,90,4.17148220524664,0.0130969554323893,8,0.00307455439095162,-0.064914335728766,4.17148220524664,345,3
551,3,750.86281831704,0.000192789666473877,0.0230191858314202,6,1,0.423263797720566,614,1300,2596,3.99384615384615,90,4.17148220524664,0.0130969554323893,8,0.00307455439095162,-0.064914335728766,4.17148220524664,345,3
552,2,134.538208706407,0.000162232316677482,0.00419534931221684,7,1,0.351516418847117,66,1300,2596,3.99384615384615,90,4.17148220524664,0.0130969554323893,8,0.00307455439095162,-0.064914335728766,4.17148220524664,345,3
553,3,878.034601144022,0.000188465887674331,0.0138197539261564,6,1,0.425981685383352,454,1300,2596,3.99384615384615,90,4.17148220524664,0.0130969554323893,8,0.00307455439095162,-0.064914335728766,4.17148220524664,345,3
554,4,375.367763056169,0.000167056465085199,0.00442374024029694,6,1,0.509114621725515,261,1300,2596,3.99384615384615,90,4.17148220524664,0.0130969554323893,8,0.00307455439095162,-0.064914335728766,4.17148220524664,345,3
555,4,1353.85818191694,0.000182248952068526,0.0128754374554118,6,1,0.51024072230214,522,1300,2596,3.99384615384615,90,4.17148220524664,0.0130969554323893,8,0.00307455439095162,-0.064914335728766,4.17148220524664,345,3
556,3,664.292582749557,0.00016417665407979,0.00376448419735706,7,1,0.432402382123371,152,1300,2596,3.99384615384615,90,4.17148220524664,0.0130969554323893,8,0.00307455439095162,-0.064914335728766,4.17148220524664,345,3
557,3,241.950624906079,0.000169981302056774,0.00472143396989609,7,1,0.441065465741869,184,1300,2596,3.99384615384615,90,4.17148220524664,0.0130969554323893,8,0.00307455439095162,-0.064914335728766,4.17148220524664,345,3
558,4,554.422258833925,0.000173943294485998,0.0110945317524323,7,1,0.519625466290809,378,1300,2596,3.99384615384615,90,4.17148220524664,0.0130969554323893,8,0.00307455439095162,-0.064914335728766,4.17148220524664,345,3
559,3,543.516494424496,0.000176335743255158,0.0110572077775012,6,1,0.429740500608174,278,1300,2596,3.99384615384615,90,4.17148220524664,0.0130969554323893,8,0.00307455439095162,-0.064914335728766,4.17148220524664,345,3
560,7,3899.97279504435,0.000219298245614035,0.0954666952853332,6,1,0.731922017313876,4218,1300,2596,3.99384615384615,90,4.17148220524664,0.0130969554323893,8,0.00307455439095162,-0.064914335728766,4.17148220524664,345,3
561,2,33.4863204299841,0.000180440274269217,0.011292328920235,6,1,0.353943477606914,179,1300,2596,3.99384615384615,90,4.17148220524664,0.0130969554323893,8,0.00307455439095162,-0.064914335728766,4.17148220524664,345,3
562,3,1692.79086521219,0.000212539851222104,0.0668363451954239,5,1,0.409849724774025,1116,1300,2596,3.99384615384615,90,4.17148220524664,0.0130969554323893,8,0.00307455439095162,-0.064914335728766,4.17148220524664,345,3
563,2,140.171387778284,0.0001886080724255,0.0183391754370271,6,1,0.341669122025781,248,1300,2596,3.99384615384615,90,4.17148220524664,0.0130969554323893,8,0.00307455439095162,-0.064914335728766,4.17148220524664,345,3
564,2,352.084775213078,0.000199600798403194,0.0265784933223295,6,1,0.339773631292024,388,1300,2596,3.99384615384615,90,4.17148220524664,0.0130969554323893,8,0.00307455439095162,-0.064914335728766,4.17148220524664,345,3
565,3,921.726618723181,0.000184365781710914,0.0141846080069959,6,1,0.43358415846361,448,1300,2596,3.99384615384615,90,4.17148220524664,0.0130969554323893,8,0.00307455439095162,-0.064914335728766,4.17148220524664,345,3
566,2,335.204942248144,0.000216684723726977,0.0926970609443908,6,1,0.341143939349001,659,1300,2596,3.99384615384615,90,4.17148220524664,0.0130969554323893,8,0.00307455439095162,-0.064914335728766,4.17148220524664,345,3
567,3,222.330486810128,0.000178699070764832,0.00977682549186703,7,1,0.426187958794448,274,1300,2596,3.99384615384615,90,4.17148220524664,0.0130969554323893,8,0.00307455439095162,-0.064914335728766,4.17148220524664,345,3
568,4,783.940610879116,0.000167168171180207,0.00316120143638952,7,1,0.519008191337517,243,1300,2596,3.99384615384615,90,4.17148220524664,0.0130969554323893,8,0.00307455439095162,-0.064914335728766,4.17148220524664,345,3
569,2,157.039262623895,0.000193610842207164,0.0237549499063077,6,1,0.344344952822087,319,1300,2596,3.99384615384615,90,4.17148220524664,0.0130969554323893,8,0.00307455439095162,-0.064914335728766,4.17148220524664,345,3
570,2,24.2701871657754,0.000181818181818182,0.0171538724643478,6,1,0.349344128151831,191,1300,2596,3.99384615384615,90,4.17148220524664,0.0130969554323893,8,0.00307455439095162,-0.064914335728766,4.17148220524664,345,3
571,2,728.814702474157,0.000212269157291446,0.0537353784089515,5,1,0.340737329041205,567,1300,2596,3.99384615384615,90,4.17148220524664,0.0130969554323893,8,0.00307455439095162,-0.064914335728766,4.17148220524664,345,3
572,3,694.889748503613,0.000189717321191425,0.0179381061518322,6,1,0.417453984991883,532,1300,2596,3.99384615384615,90,4.17148220524664,0.0130969554323893,8,0.00307455439095162,-0.064914335728766,4.17148220524664,345,3
573,2,177.620021666313,0.000210881484605652,0.053208189343828,5,1,0.341137709362638,554,1300,2596,3.99384615384615,90,4.17148220524664,0.0130969554323893,8,0.00307455439095162,-0.064914335728766,4.17148220524664,345,3
574,6,2371.0373242626,0.000182248952068526,0.015345667049364,7,1,0.668962016397421,910,1300,2596,3.99384615384615,90,4.17148220524664,0.0130969554323893,8,0.00307455439095162,-0.064914335728766,4.17148220524664,345,3
575,3,909.711118477513,0.000191314329443275,0.0175837542136777,6,1,0.421824544020554,564,1300,2596,3.99384615384615,90,4.17148220524664,0.0130969554323893,8,0.00307455439095162,-0.064914335728766,4.17148220524664,345,3
576,3,1345.00525664808,0.000188572506128606,0.015167158502019,6,1,0.420721479042692,508,1300,2596,3.99384615384615,90,4.17148220524664,0.0130969554323893,8,0.00307455439095162,-0.064914335728766,4.17148220524664,345,3
577,2,900.817478656668,0.0002000400080016,0.0349415198778723,6,1,0.343057061014394,386,1300,2596,3.99384615384615,90,4.17148220524664,0.0130969554323893,8,0.00307455439095162,-0.064914335728766,4.17148220524664,345,3
578,2,148.553401327202,0.000157529930686831,0.00174070241967812,7,1,0.352348551132979,46,1300,2596,3.99384615384615,90,4.17148220524664,0.0130969554323893,8,0.00307455439095162,-0.064914335728766,4.17148220524664,345,3
579,2,0,0.000196772924045651,0.0304745842804062,6,1,0.341571543376259,353,1300,2596,3.99384615384615,90,4.17148220524664,0.0130969554323893,8,0.00307455439095162,-0.064914335728766,4.17148220524664,345,3
580,2,169.220840189801,0.000166944908180301,0.00488495814586875,7,1,0.349860031113281,100,1300,2596,3.99384615384615,90,4.17148220524664,0.0130969554323893,8,0.00307455439095162,-0.064914335728766,4.17148220524664,345,3
581,2,279.305096231162,0.000188501413760603,0.0137380530169172,6,1,0.345924248913858,218,1300,2596,3.99384615384615,90,4.17148220524664,0.0130969554323893,8,0.00307455439095162,-0.064914335728766,4.17148220524664,345,3
582,2,35.6154761904762,0.000186393289841566,0.0194142747323207,6,1,0.348718671975279,233,1300,2596,3.99384615384615,90,4.17148220524664,0.0130969554323893,8,0.00307455439095162,-0.064914335728766,4.17148220524664,345,3
583,2,32.4909042681792,0.000161576991436419,0.00305809698628843,7,1,0.361435264582971,43,1300,2596,3.99384615384615,90,4.17148220524664,0.0130969554323893,8,0.00307455439095162,-0.064914335728766,4.17148220524664,345,3
584,2,0,0.000218627022299956,0.0963778018445604,6,1,0.336081701242476,681,1300,2596,3.99384615384615,90,4.17148220524664,0.0130969554323893,8,0.00307455439095162,-0.064914335728766,4.17148220524664,345,3
585,3,573.330619962739,0.000182781941144215,0.0108947540454705,6,1,0.430709111651467,368,1300,2596,3.99384615384615,90,4.17148220524664,0.0130969554323893,8,0.00307455439095162,-0.064914335728766,4.17148220524664,345,3
586,4,1242.51714637649,0.000191938579654511,0.0198310268138022,6,1,0.505747145647606,894,1300,2596,3.99384615384615,90,4.17148220524664,0.0130969554323893,8,0.00307455439095162,-0.064914335728766,4.17148220524664,345,3
587,2,144.046947436033,0.000180603214737222,0.0106431227875553,6,1,0.345380697777487,165,1300,2596,3.99384615384615,90,4.17148220524664,0.0130969554323893,8,0.00307455439095162,-0.064914335728766,4.17148220524664,345,3
588,4,392.141189489494,0.000170183798502383,0.00768271634819052,7,1,0.518044206737974,306,1300,2596,3.99384615384615,90,4.17148220524664,0.0130969554323893,8,0.00307455439095162,-0.064914335728766,4.17148220524664,345,3
589,2,122.059403384611,0.000178316690442225,0.0212528634491319,6,1,0.342460826272324,180,1300,2596,3.99384615384615,90,4.17148220524664,0.0130969554323893,8,0.00307455439095162,-0.064914335728766,4.17148220524664,345,3
590,6,2087.58160358228,0.000179694519317161,0.0107213208624107,6,1,0.673221769169523,920,1300,2596,3.99384615384615,90,4.17148220524664,0.0130969554323893,8,0.00307455439095162,-0.064914335728766,4.17148220524664,345,3
591,2,64.4637026615119,0.000157977883096367,0.0019832253467789,7,1,0.35378804099658,62,1300,2596,3.99384615384615,90,4.17148220524664,0.0130969554323893,8,0.00307455439095162,-0.064914335728766,4.17148220524664,345,3
592,3,906.254004413932,0.000201531640467553,0.0297828426759568,6,1,0.417452518855867,830,1300,2596,3.99384615384615,90,4.17148220524664,0.0130969554323893,8,0.00307455439095162,-0.064914335728766,4.17148220524664,345,3
593,6,2663.78724832815,0.000185116623472788,0.0156886303084738,6,1,0.67561737143092,1070,1300,2596,3.99384615384615,90,4.17148220524664,0.0130969554323893,8,0.00307455439095162,-0.064914335728766,4.17148220524664,345,3
594,2,36.9363710734886,0.000168918918918919,0.00709483945715448,7,1,0.349836067742903,113,1300,2596,3.99384615384615,90,4.17148220524664,0.0130969554323893,8,0.00307455439095162,-0.064914335728766,4.17148220524664,345,3
595,4,1787.60765286434,0.000197472353870458,0.0272980453752136,6,1,0.492421202966123,1113,1300,2596,3.99384615384615,90,4.17148220524664,0.0130969554323893,8,0.00307455439095162,-0.064914335728766,4.17148220524664,345,3
596,2,292.123724923159,0.000218007412252017,0.077731225195933,6,1,0.341999440915449,710,1300,2596,3.99384615384615,90,4.17148220524664,0.0130969554323893,8,0.00307455439095162,-0.064914335728766,4.17148220524664,345,3
597,2,82.4740451183327,0.000186915887850467,0.0158313450545431,6,1,0.348804896209061,247,1300,2596,3.99384615384615,90,4.17148220524664,0.0130969554323893,8,0.00307455439095162,-0.064914335728766,4.17148220524664,345,3
598,2,505.444850575321,0.000197044334975369,0.0230598649148174,6,1,0.339816885804918,352,1300,2596,3.99384615384615,90,4.17148220524664,0.0130969554323893,8,0.00307455439095162,-0.064914335728766,4.17148220524664,345,3
599,4,381.271576965407,0.00016857720836143,0.00500685013422042,7,1,0.512401672911044,279,1300,2596,3.99384615384615,90,4.17148220524664,0.0130969554323893,8,0.00307455439095162,-0.064914335728766,4.17148220524664,345,3
600,2,56.6930389055389,0.000176803394625177,0.0173827190220132,7,1,0.349148837542996,142,1300,2596,3.99384615384615,90,4.17148220524664,0.0130969554323893,8,0.00307455439095162,-0.064914335728766,4.17148220524664,345,3
601,2,52.4340087843122,0.000176273576590869,0.00767837349085923,6,1,0.351060346592303,133,1300,2596,3.99384615384615,90,4.17148220524664,0.0130969554323893,8,0.00307455439095162,-0.064914335728766,4.17148220524664,345,3
602,3,453.421732568103,0.00016767270288397,0.00628349604742959,7,1,0.43092388537967,212,1300,2596,3.99384615384615,90,4.17148220524664,0.0130969554323893,8,0.00307455439095162,-0.064914335728766,4.17148220524664,345,3
603,3,726.066864026117,0.000178475816526861,0.0094690268590539,7,1,0.426099940154321,302,1300,2596,3.99384615384615,90,4.17148220524664,0.0130969554323893,8,0.00307455439095162,-0.064914335728766,4.17148220524664,345,3
604,3,452.953650170751,0.000163639338897071,0.00224915442239427,7,1,0.426748276612133,120,1300,2596,3.99384615384615,90,4.17148220524664,0.0130969554323893,8,0.00307455439095162,-0.064914335728766,4.17148220524664,345,3
605,3,371.810566174656,0.000169348010160881,0.00606017486389136,7,1,0.431762921429386,156,1300,2596,3.99384615384615,90,4.17148220524664,0.0130969554323893,8,0.00307455439095162,-0.064914335728766,4.17148220524664,345,3
606,2,205.791421806164,0.000192529842125529,0.0231628952162112,6,1,0.340528319940663,329,1300,2596,3.99384615384615,90,4.17148220524664,0.0130969554323893,8,0.00307455439095162,-0.064914335728766,4.17148220524664,345,3
607,3,357.157797956237,0.000190730497806599,0.0183697126130623,6,1,0.426592614924229,564,1300,2596,3.99384615384615,90,4.17148220524664,0.0130969554323893,8,0.00307455439095162,-0.064914335728766,4.17148220524664,345,3
608,2,16.9663647668594,0.000176429075511644,0.0165191609810841,7,1,0.348882774513312,132,1300,2596,3.99384615384615,90,4.17148220524664,0.0130969554323893,8,0.00307455439095162,-0.064914335728766,4.17148220524664,345,3
609,3,200.240133989894,0.000167616493462957,0.00523148704460301,7,1,0.436330952199013,184,1300,2596,3.99384615384615,90,4.17148220524664,0.0130969554323893,8,0.00307455439095162,-0.064914335728766,4.17148220524664,345,3
610,3,1050.15837542586,0.000176180408738548,0.00883679233860532,7,1,0.434547217251534,230,1300,2596,3.99384615384615,90,4.17148220524664,0.0130969554323893,8,0.00307455439095162,-0.064914335728766,4.17148220524664,345,3
611,2,47.0579878871745,0.000168406871000337,0.00382155141030004,6,1,0.351865499678564,102,1300,2596,3.99384615384615,90,4.17148220524664,0.0130969554323893,8,0.00307455439095162,-0.064914335728766,4.17148220524664,345,3
612,2,417.328938792425,0.000196270853778214,0.0231545908315415,6,1,0.341103434813792,332,1300,2596,3.99384615384615,90,4.17148220524664,0.0130969554323893,8,0.00307455439095162,-0.064914335728766,4.17148220524664,345,3
613,2,415.6342874115,0.000174398325776073,0.00547905513070805,6,1,0.343359279291728,145,1300,2596,3.99384615384615,90,4.17148220524664,0.0130969554323893,8,0.00307455439095162,-0.064914335728766,4.17148220524664,345,3
614,2,92.9382112460492,0.000185185185185185,0.0140990097845258,6,1,0.342995213486676,205,1300,2596,3.99384615384615,90,4.17148220524664,0.0130969554323893,8,0.00307455439095162,-0.064914335728766,4.17148220524664,345,3
615,6,1102.23165843993,0.000182182546912006,0.0140175894946215,7,1,0.673677190504929,870,1300,2596,3.99384615384615,90,4.17148220524664,0.0130969554323893,8,0.00307455439095162,-0.064914335728766,4.17148220524664,345,3
616,3,615.662727215975,0.000189501610763691,0.0228733385224423,6,1,0.425551033244581,576,1300,2596,3.99384615384615,90,4.17148220524664,0.0130969554323893,8,0.00307455439095162,-0.064914335728766,4.17148220524664,345,3
617,2,343.977954122119,0.000165070980521624,0.0049302306601767,7,1,0.348017281465442,83,1300,2596,3.99384615384615,90,4.17148220524664,0.0130969554323893,8,0.00307455439095162,-0.064914335728766,4.17148220524664,345,3
618,2,67.0558322903762,0.000170241743275451,0.00477551527189444,7,1,0.351081012251316,103,1300,2596,3.99384615384615,90,4.17148220524664,0.0130969554323893,8,0.00307455439095162,-0.064914335728766,4.17148220524664,345,3
619,3,153.144346441459,0.000157084511467169,0.00232511236747454,7,1,0.442099746376122,72,1300,2596,3.99384615384615,90,4.17148220524664,0.0130969554323893,8,0.00307455439095162,-0.064914335728766,4.17148220524664,345,3
620,3,529.332308541132,0.00021092596498629,0.0562704215074072,5,1,0.426900754507841,1078,1300,2596,3.99384615384615,90,4.17148220524664,0.0130969554323893,8,0.00307455439095162,-0.064914335728766,4.17148220524664,345,3
621,2,183.973719831647,0.000177367860943597,0.0109243981920195,6,1,0.344411343353571,150,1300,2596,3.99384615384615,90,4.17148220524664,0.0130969554323893,8,0.00307455439095162,-0.064914335728766,4.17148220524664,345,3
622,2,54.7042391503069,0.000184094256259205,0.0185273828938987,6,1,0.346315031998369,230,1300,2596,3.99384615384615,90,4.17148220524664,0.0130969554323893,8,0.00307455439095162,-0.064914335728766,4.17148220524664,345,3
623,3,567.244079574655,0.000172562553925798,0.00535035211329336,6,1,0.422675307374823,252,1300,2596,3.99384615384615,90,4.17148220524664,0.0130969554323893,8,0.00307455439095162,-0.064914335728766,4.17148220524664,345,3
624,2,457.791886154085,0.000196502259775987,0.0251882880482329,6,1,0.338449038230768,360,1300,2596,3.99384615384615,90,4.17148220524664,0.0130969554323893,8,0.00307455439095162,-0.064914335728766,4.17148220524664,345,3
625,2,128.958894402259,0.000160128102481986,0.00213588503493119,7,1,0.355695323505384,64,1300,2596,3.99384615384615,90,4.17148220524664,0.0130969554323893,8,0.00307455439095162,-0.064914335728766,4.17148220524664,345,3
626,3,218.67510947719,0.000172592336900242,0.00718496119635288,6,1,0.435823866650026,234,1300,2596,3.99384615384615,90,4.17148220524664,0.0130969554323893,8,0.00307455439095162,-0.064914335728766,4.17148220524664,345,3
627,3,657.955293393677,0.000174855744011191,0.00539146951424393,6,1,0.431562316647456,248,1300,2596,3.99384615384615,90,4.17148220524664,0.0130969554323893,8,0.00307455439095162,-0.064914335728766,4.17148220524664,345,3
628,4,1386.95321596172,0.000179920834832674,0.0106133027695345,6,1,0.514597830444673,531,1300,2596,3.99384615384615,90,4.17148220524664,0.0130969554323893,8,0.00307455439095162,-0.064914335728766,4.17148220524664,345,3
629,2,0,0.000219925225423356,0.100893497174737,5,1,0.334877617766612,727,1300,2596,3.99384615384615,90,4.17148220524664,0.0130969554323893,8,0.00307455439095162,-0.064914335728766,4.17148220524664,345,3
630,5,2232.00652272014,0.000175100682892663,0.00583696712153927,6,1,0.595810803473047,452,1300,2596,3.99384615384615,90,4.17148220524664,0.0130969554323893,8,0.00307455439095162,-0.064914335728766,4.17148220524664,345,3
631,2,94.4286832702601,0.00018152114721365,0.0151556083540072,6,1,0.354980798843322,183,1300,2596,3.99384615384615,90,4.17148220524664,0.0130969554323893,8,0.00307455439095162,-0.064914335728766,4.17148220524664,345,3
632,8,3179.35485740922,0.00017415534656914,0.00495185497136917,7,1,0.81291405638378,840,1300,2596,3.99384615384615,90,4.17148220524664,0.0130969554323893,8,0.00307455439095162,-0.064914335728766,4.17148220524664,345,3
633,3,400.715875229962,0.000173822353554667,0.00683911142866381,6,1,0.422371916212174,236,1300,2596,3.99384615384615,90,4.17148220524664,0.0130969554323893,8,0.00307455439095162,-0.064914335728766,4.17148220524664,345,3
634,7,1489.20403170791,0.000164880461665293,0.00540924784944775,7,1,0.744352994455594,486,1300,2596,3.99384615384615,90,4.17148220524664,0.0130969554323893,8,0.00307455439095162,-0.064914335728766,4.17148220524664,345,3
635,7,1236.80552720951,0.000166223404255319,0.00401154498109592,7,1,0.757236284068543,564,1300,2596,3.99384615384615,90,4.17148220524664,0.0130969554323893,8,0.00307455439095162,-0.064914335728766,4.17148220524664,345,3
636,2,644.127706677229,0.000219298245614035,0.0806043246953761,5,1,0.338404895714938,725,1300,2596,3.99384615384615,90,4.17148220524664,0.0130969554323893,8,0.00307455439095162,-0.064914335728766,4.17148220524664,345,3
637,2,235.825024837617,0.000196889151407757,0.0336326950739797,6,1,0.336980381669044,361,1300,2596,3.99384615384615,90,4.17148220524664,0.0130969554323893,8,0.00307455439095162,-0.064914335728766,4.17148220524664,345,3
638,2,65.3941837721862,0.000185459940652819,0.0114956892123444,6,1,0.349546996282803,214,1300,2596,3.99384615384615,90,4.17148220524664,0.0130969554323893,8,0.00307455439095162,-0.064914335728766,4.17148220524664,345,3
639,3,115.611425399506,0.00018618506795755,0.017193736711016,6,1,0.421530620267587,452,1300,2596,3.99384615384615,90,4.17148220524664,0.0130969554323893,8,0.00307455439095162,-0.064914335728766,4.17148220524664,345,3
640,2,240.315712946138,0.000198059021588433,0.0361540147352339,6,1,0.344343853370723,369,1300,2596,3.99384615384615,90,4.17148220524664,0.0130969554323893,8,0.00307455439095162,-0.064914335728766,4.17148220524664,345,3
641,3,527.94842876565,0.00016926201760325,0.00522940220760422,6,1,0.442662795823064,188,1300,2596,3.99384615384615,90,4.17148220524664,0.0130969554323893,8,0.00307455439095162,-0.064914335728766,4.17148220524664,345,3
642,3,1068.87427228667,0.000201694231544978,0.0458658209037349,6,1,0.419801926641438,826,1300,2596,3.99384615384615,90,4.17148220524664,0.0130969554323893,8,0.00307455439095162,-0.064914335728766,4.17148220524664,345,3
643,3,736.364069079355,0.000178189593727726,0.00975999592671208,6,1,0.431084373451024,266,1300,2596,3.99384615384615,90,4.17148220524664,0.0130969554323893,8,0.00307455439095162,-0.064914335728766,4.17148220524664,345,3
644,4,1038.31020343492,0.000174672489082969,0.00582705410212978,6,1,0.51158947437585,417,1300,2596,3.99384615384615,90,4.17148220524664,0.0130969554323893,8,0.00307455439095162,-0.064914335728766,4.17148220524664,345,3
645,2,324.741028000368,0.000176429075511644,0.0102339273225299,6,1,0.340511646885746,139,1300,2596,3.99384615384615,90,4.17148220524664,0.0130969554323893,8,0.00307455439095162,-0.064914335728766,4.17148220524664,345,3
646,2,447.034008913821,0.000188005264147396,0.020546080855143,6,1,0.347392863497431,249,1300,2596,3.99384615384615,90,4.17148220524664,0.0130969554323893,8,0.00307455439095162,-0.064914335728766,4.17148220524664,345,3
647,2,41.0427350427351,0.000155593589544111,0.00289413038068789,7,1,0.358354118999684,48,1300,2596,3.99384615384615,90,4.17148220524664,0.0130969554323893,8,0.00307455439095162,-0.064914335728766,4.17148220524664,345,3
648,2,161.396010966619,0.000175592625109745,0.00676219798590336,6,1,0.351551395543782,137,1300,2596,3.99384615384615,90,4.17148220524664,0.0130969554323893,8,0.00307455439095162,-0.064914335728766,4.17148220524664,345,3
649,2,22.7317932067932,0.000172176308539945,0.0065168998054787,6,1,0.358343559258197,123,1300,2596,3.99384615384615,90,4.17148220524664,0.0130969554323893,8,0.00307455439095162,-0.064914335728766,4.17148220524664,345,3
650,2,385.827300908128,0.000180831826401447,0.00754027032473238,6,1,0.348787062370065,161,1300,2596,3.99384615384615,90,4.17148220524664,0.0130969554323893,8,0.00307455439095162,-0.064914335728766,4.17148220524664,345,3
651,4,2651.23108950792,0.000232991612301957,0.127926609052787,5,1,0.498005353997397,2889,1300,2596,3.99384615384615,90,4.17148220524664,0.0130969554323893,8,0.00307455439095162,-0.064914335728766,4.17148220524664,345,3
652,2,60.9692524541421,0.000153586238673015,0.00179237394921958,7,1,0.365043559295158,28,1300,2596,3.99384615384615,90,4.17148220524664,0.0130969554323893,8,0.00307455439095162,-0.064914335728766,4.17148220524664,345,3
653,2,678.149437607091,0.000205128205128205,0.0403705581538634,6,1,0.337297181978739,476,1300,2596,3.99384615384615,90,4.17148220524664,0.0130969554323893,8,0.00307455439095162,-0.064914335728766,4.17148220524664,345,3
654,4,1285.13214840782,0.000183150183150183,0.0138897420590095,6,1,0.51774137725741,591,1300,2596,3.99384615384615,90,4.17148220524664,0.0130969554323893,8,0.00307455439095162,-0.064914335728766,4.17148220524664,345,3
655,2,16.1914613164613,0.00017286084701815,0.0174337997432669,7,1,0.351410359469359,123,1300,2596,3.99384615384615,90,4.17148220524664,0.0130969554323893,8,0.00307455439095162,-0.064914335728766,4.17148220524664,345,3
656,2,109.867828525104,0.000157405949944908,0.00273460660296836,7,1,0.355504041544983,41,1300,2596,3.99384615384615,90,4.17148220524664,0.0130969554323893,8,0.00307455439095162,-0.064914335728766,4.17148220524664,345,3
657,3,454.681945354027,0.000186219739292365,0.0146985224960458,6,1,0.43208247883745,454,1300,2596,3.99384615384615,90,4.17148220524664,0.0130969554323893,8,0.00307455439095162,-0.064914335728766,4.17148220524664,345,3
658,2,105.988022246691,0.00018957345971564,0.0231132237173662,6,1,0.343751667536488,281,1300,2596,3.99384615384615,90,4.17148220524664,0.0130969554323893,8,0.00307455439095162,-0.064914335728766,4.17148220524664,345,3
659,2,46.3630941971321,0.00016923337282112,0.00473566590075831,7,1,0.356186097772753,81,1300,2596,3.99384615384615,90,4.17148220524664,0.0130969554323893,8,0.00307455439095162,-0.064914335728766,4.17148220524664,345,3
660,4,1748.96068405033,0.000187441424554827,0.0179286052391092,6,1,0.519342621868096,645,1300,2596,3.99384615384615,90,4.17148220524664,0.0130969554323893,8,0.00307455439095162,-0.064914335728766,4.17148220524664,345,3
661,2,389.182054348858,0.000181620050853614,0.0110217953807615,6,1,0.341750672585018,168,1300,2596,3.99384615384615,90,4.17148220524664,0.0130969554323893,8,0.00307455439095162,-0.064914335728766,4.17148220524664,345,3
662,2,136.489674048228,0.000176553672316384,0.00905233489419227,7,1,0.34737481461387,115,1300,2596,3.99384615384615,90,4.17148220524664,0.0130969554323893,8,0.00307455439095162,-0.064914335728766,4.17148220524664,345,3
663,4,2634.87330817345,0.000200642054574639,0.0386391428266274,6,1,0.503989819946828,1134,1300,2596,3.99384615384615,90,4.17148220524664,0.0130969554323893,8,0.00307455439095162,-0.064914335728766,4.17148220524664,345,3
664,6,728.764476968469,0.000169004563123204,0.00588175630189746,7,1,0.662783692194968,450,1300,2596,3.99384615384615,90,4.17148220524664,0.0130969554323893,8,0.00307455439095162,-0.064914335728766,4.17148220524664,345,3
665,2,32.4919620956386,0.000175008750437522,0.00856376793200584,6,1,0.357343053257358,103,1300,2596,3.99384615384615,90,4.17148220524664,0.0130969554323893,8,0.00307455439095162,-0.064914335728766,4.17148220524664,345,3
666,2,489.99241482389,0.000217202432667246,0.0888386503961095,6,1,0.337716179543967,669,1300,2596,3.99384615384615,90,4.17148220524664,0.0130969554323893,8,0.00307455439095162,-0.064914335728766,4.17148220524664,345,3
667,2,68.4888185344068,0.000176709666018731,0.0175903953631407,7,1,0.34766097846543,153,1300,2596,3.99384615384615,90,4.17148220524664,0.0130969554323893,8,0.00307455439095162,-0.064914335728766,4.17148220524664,345,3
668,3,164.936584150938,0.000157828282828283,0.00296024435236451,7,1,0.442850324734772,100,1300,2596,3.99384615384615,90,4.17148220524664,0.0130969554323893,8,0.00307455439095162,-0.064914335728766,4.17148220524664,345,3
669,2,112.058498369139,0.000188572506128606,0.0156085260495794,6,1,0.348495509330561,254,1300,2596,3.99384615384615,90,4.17148220524664,0.0130969554323893,8,0.00307455439095162,-0.064914335728766,4.17148220524664,345,3
670,2,48.74039418394,0.000183654729109275,0.0163643941445388,6,1,0.348143402186188,213,1300,2596,3.99384615384615,90,4.17148220524664,0.0130969554323893,8,0.00307455439095162,-0.064914335728766,4.17148220524664,345,3
671,5,2269.36438394573,0.000182982616651418,0.0119235263756028,7,1,0.591391813182517,696,1300,2596,3.99384615384615,90,4.17148220524664,0.0130969554323893,8,0.00307455439095162,-0.064914335728766,4.17148220524664,345,3
672,2,171.183907558601,0.000175254118471784,0.00910628000497549,6,1,0.351272042456073,123,1300,2596,3.99384615384615,90,4.17148220524664,0.0130969554323893,8,0.00307455439095162,-0.064914335728766,4.17148220524664,345,3
673,2,227.225619843693,0.000190222560395663,0.0177881673366497,6,1,0.343099428357691,266,1300,2596,3.99384615384615,90,4.17148220524664,0.0130969554323893,8,0.00307455439095162,-0.064914335728766,4.17148220524664,345,3
674,2,481.227650632188,0.000183049606443346,0.0157604433450819,6,1,0.343394757338829,199,1300,2596,3.99384615384615,90,4.17148220524664,0.0130969554323893,8,0.00307455439095162,-0.064914335728766,4.17148220524664,345,3
675,2,138.005324851734,0.000159083678014636,0.00207386475047556,7,1,0.352787171778942,58,1300,2596,3.99384615384615,90,4.17148220524664,0.0130969554323893,8,0.00307455439095162,-0.064914335728766,4.17148220524664,345,3
676,2,72.9447689412284,0.000175839634253561,0.00954117018984056,7,1,0.356257194535414,140,1300,2596,3.99384615384615,90,4.17148220524664,0.0130969554323893,8,0.00307455439095162,-0.064914335728766,4.17148220524664,345,3
677,3,733.878080311796,0.000163371998039536,0.00334867902707129,7,1,0.427358383950692,180,1300,2596,3.99384615384615,90,4.17148220524664,0.0130969554323893,8,0.00307455439095162,-0.064914335728766,4.17148220524664,345,3
678,5,1746.62831320866,0.000192715359414145,0.0220477952521608,6,1,0.587535426911895,1256,1300,2596,3.99384615384615,90,4.17148220524664,0.0130969554323893,8,0.00307455439095162,-0.064914335728766,4.17148220524664,345,3
679,5,1144.36705249141,0.000184979652238254,0.0145002214650346,6,1,0.583872089472507,916,1300,2596,3.99384615384615,90,4.17148220524664,0.0130969554323893,8,0.00307455439095162,-0.064914335728766,4.17148220524664,345,3
680,4,1709.16015259749,0.000174611489436005,0.00746911404360618,6,1,0.515528706327267,360,1300,2596,3.99384615384615,90,4.17148220524664,0.0130969554323893,8,0.00307455439095162,-0.064914335728766,4.17148220524664,345,3
681,3,913.963804690261,0.00017223561832587,0.00660722048951148,6,1,0.419202890364727,260,1300,2596,3.99384615384615,90,4.17148220524664,0.0130969554323893,8,0.00307455439095162,-0.064914335728766,4.17148220524664,345,3
682,2,30.4036546786547,0.000185219485089831,0.017036908755306,6,1,0.346305686073789,221,1300,2596,3.99384615384615,90,4.17148220524664,0.0130969554323893,8,0.00307455439095162,-0.064914335728766,4.17148220524664,345,3
683,2,0,0.0001933114247052,0.0275374193758595,6,1,0.340821794427754,297,1300,2596,3.99384615384615,90,4.17148220524664,0.0130969554323893,8,0.00307455439095162,-0.064914335728766,4.17148220524664,345,3
684,5,1333.64635680161,0.000168350168350168,0.00425600687747815,7,1,0.616107540960584,408,1300,2596,3.99384615384615,90,4.17148220524664,0.0130969554323893,8,0.00307455439095162,-0.064914335728766,4.17148220524664,345,3
685,3,445.491162971527,0.000175808720112518,0.010687776261191,6,1,0.426231076729318,288,1300,2596,3.99384615384615,90,4.17148220524664,0.0130969554323893,8,0.00307455439095162,-0.064914335728766,4.17148220524664,345,3
686,2,46.5781319987202,0.000158428390367554,0.00224146561023818,7,1,0.354227306984617,49,1300,2596,3.99384615384615,90,4.17148220524664,0.0130969554323893,8,0.00307455439095162,-0.064914335728766,4.17148220524664,345,3
687,3,365.053807972316,0.000174886323889472,0.010125628373559,7,1,0.436787039197922,288,1300,2596,3.99384615384615,90,4.17148220524664,0.0130969554323893,8,0.00307455439095162,-0.064914335728766,4.17148220524664,345,3
688,3,367.712257189995,0.000162179695102173,0.00255453456895067,7,1,0.432006472245654,114,1300,2596,3.99384615384615,90,4.17148220524664,0.0130969554323893,8,0.00307455439095162,-0.064914335728766,4.17148220524664,345,3
689,3,321.707532736479,0.00017061934823409,0.00479905285209829,6,1,0.437873577048208,186,1300,2596,3.99384615384615,90,4.17148220524664,0.0130969554323893,8,0.00307455439095162,-0.064914335728766,4.17148220524664,345,3
690,6,1115.64920278731,0.000166333998669328,0.00489243015022383,7,1,0.67139451864447,320,1300,2596,3.99384615384615,90,4.17148220524664,0.0130969554323893,8,0.00307455439095162,-0.064914335728766,4.17148220524664,345,3
691,3,1677.10853914356,0.000217533173809006,0.0895875088033975,6,1,0.419825914443776,1348,1300,2596,3.99384615384615,90,4.17148220524664,0.0130969554323893,8,0.00307455439095162,-0.064914335728766,4.17148220524664,345,3
692,3,795.79418245955,0.000195656427313637,0.0247848557936866,6,1,0.421974758884504,690,1300,2596,3.99384615384615,90,4.17148220524664,0.0130969554323893,8,0.00307455439095162,-0.064914335728766,4.17148220524664,345,3
693,2,179.237717985142,0.000159897665494084,0.00212320424425895,7,1,0.355324287897284,53,1300,2596,3.99384615384615,90,4.17148220524664,0.0130969554323893,8,0.00307455439095162,-0.064914335728766,4.17148220524664,345,3
694,3,564.700853403749,0.00017683465959328,0.0109325757696635,6,1,0.434722978819794,292,1300,2596,3.99384615384615,90,4.17148220524664,0.0130969554323893,8,0.00307455439095162,-0.064914335728766,4.17148220524664,345,3
695,4,345.845962309728,0.000165920026547204,0.00333281905501067,6,1,0.521671350797769,222,1300,2596,3.99384615384615,90,4.17148220524664,0.0130969554323893,8,0.00307455439095162,-0.064914335728766,4.17148220524664,345,3
696,2,119.982986052712,0.000188857412653447,0.0266540506121604,6,1,0.340749380213831,238,1300,2596,3.99384615384615,90,4.17148220524664,0.0130969554323893,8,0.00307455439095162,-0.064914335728766,4.17148220524664,345,3
697,2,108.234791986256,0.00016493485073396,0.00440650417444382,6,1,0.351706199432549,65,1300,2596,3.99384615384615,90,4.17148220524664,0.0130969554323893,8,0.00307455439095162,-0.064914335728766,4.17148220524664,345,3
698,2,108.60370493351,0.000164149704530532,0.00393123659441417,7,1,0.349106111269695,73,1300,2596,3.99384615384615,90,4.17148220524664,0.0130969554323893,8,0.00307455439095162,-0.064914335728766,4.17148220524664,345,3
699,3,183.774082727999,0.000150195253829979,0.00127835285408231,8,1,0.458723343374158,42,1300,2596,3.99384615384615,90,4.17148220524664,0.0130969554323893,8,0.00307455439095162,-0.064914335728766,4.17148220524664,345,3
700,4,1878.24679428013,0.000185632077222944,0.019324456686597,6,1,0.508705623320653,702,1300,2596,3.99384615384615,90,4.17148220524664,0.0130969554323893,8,0.00307455439095162,-0.064914335728766,4.17148220524664,345,3
701,2,83.0669596313559,0.000158152775581211,0.0024166812377181,7,1,0.358803988132168,52,1300,2596,3.99384615384615,90,4.17148220524664,0.0130969554323893,8,0.00307455439095162,-0.064914335728766,4.17148220524664,345,3
702,2,346.51283891563,0.000220312844238819,0.0823109858713008,5,1,0.336739755552156,734,1300,2596,3.99384615384615,90,4.17148220524664,0.0130969554323893,8,0.00307455439095162,-0.064914335728766,4.17148220524664,345,3
703,2,116.948653874505,0.000175438596491228,0.00781056305699797,6,1,0.345253041889401,134,1300,2596,3.99384615384615,90,4.17148220524664,0.0130969554323893,8,0.00307455439095162,-0.064914335728766,4.17148220524664,345,3
704,2,38.9983166099546,0.000161550888529887,0.00485013629448355,7,1,0.353268512419392,72,1300,2596,3.99384615384615,90,4.17148220524664,0.0130969554323893,8,0.00307455439095162,-0.064914335728766,4.17148220524664,345,3
705,3,263.543817522019,0.00018754688672168,0.0171241108291085,6,1,0.419224710981691,476,1300,2596,3.99384615384615,90,4.17148220524664,0.0130969554323893,8,0.00307455439095162,-0.064914335728766,4.17148220524664,345,3
706,3,435.064201961235,0.000161186331399097,0.004133123005656,7,1,0.438413716908293,90,1300,2596,3.99384615384615,90,4.17148220524664,0.0130969554323893,8,0.00307455439095162,-0.064914335728766,4.17148220524664,345,3
707,2,116.56493913281,0.000154273372415921,0.00152569260077581,7,1,0.356975698663786,37,1300,2596,3.99384615384615,90,4.17148220524664,0.0130969554323893,8,0.00307455439095162,-0.064914335728766,4.17148220524664,345,3
708,2,203.9138919202,0.000203376042302217,0.0312125367884504,6,1,0.345297321382445,438,1300,2596,3.99384615384615,90,4.17148220524664,0.0130969554323893,8,0.00307455439095162,-0.064914335728766,4.17148220524664,345,3
709,2,88.8796521222678,0.000177304964539007,0.00810583723303858,6,1,0.350231574311589,150,1300,2596,3.99384615384615,90,4.17148220524664,0.0130969554323893,8,0.00307455439095162,-0.064914335728766,4.17148220524664,345,3
710,3,598.556475014346,0.0001822821728035,0.0139610986570935,6,1,0.420119663573677,422,1300,2596,3.99384615384615,90,4.17148220524664,0.0130969554323893,8,0.00307455439095162,-0.064914335728766,4.17148220524664,345,3
711,3,314.105904769054,0.000165809981760902,0.00334773465410884,7,1,0.432328959877848,130,1300,2596,3.99384615384615,90,4.17148220524664,0.0130969554323893,8,0.00307455439095162,-0.064914335728766,4.17148220524664,345,3
712,2,299.918614556739,0.000211104074308634,0.0525028102029717,5,1,0.341402900866889,543,1300,2596,3.99384615384615,90,4.17148220524664,0.0130969554323893,8,0.00307455439095162,-0.064914335728766,4.17148220524664,345,3
713,2,34.6172261632939,0.000156813548690607,0.00209436006571279,7,1,0.358500501892701,46,1300,2596,3.99384615384615,90,4.17148220524664,0.0130969554323893,8,0.00307455439095162,-0.064914335728766,4.17148220524664,345,3
714,3,911.163704198552,0.00017415534656914,0.00725482913953569,6,1,0.440295080681748,264,1300,2596,3.99384615384615,90,4.17148220524664,0.0130969554323893,8,0.00307455439095162,-0.064914335728766,4.17148220524664,345,3
715,2,84.8899469829249,0.000166112956810631,0.00662785179967813,6,1,0.348114758473608,77,1300,2596,3.99384615384615,90,4.17148220524664,0.0130969554323893,8,0.00307455439095162,-0.064914335728766,4.17148220524664,345,3
716,2,300.915270153188,0.000174550532379124,0.00695263560179527,6,1,0.352166366256729,137,1300,2596,3.99384615384615,90,4.17148220524664,0.0130969554323893,8,0.00307455439095162,-0.064914335728766,4.17148220524664,345,3
717,4,378.109229715073,0.000185701021355617,0.0261126721896617,6,1,0.51528538697168,681,1300,2596,3.99384615384615,90,4.17148220524664,0.0130969554323893,8,0.00307455439095162,-0.064914335728766,4.17148220524664,345,3
718,3,265.345952907888,0.000160926939169617,0.00284247152756157,7,1,0.442348751020722,124,1300,2596,3.99384615384615,90,4.17148220524664,0.0130969554323893,8,0.00307455439095162,-0.064914335728766,4.17148220524664,345,3
719,3,659.068013217494,0.000183924958616884,0.0129098979115327,6,1,0.425796011387049,416,1300,2596,3.99384615384615,90,4.17148220524664,0.0130969554323893,8,0.00307455439095162,-0.064914335728766,4.17148220524664,345,3
720,2,30.4042742774941,0.000152322924600152,0.00213743009934042,7,1,0.365867067456349,28,1300,2596,3.99384615384615,90,4.17148220524664,0.0130969554323893,8,0.00307455439095162,-0.064914335728766,4.17148220524664,345,3
721,2,118.67828061983,0.00018758206715438,0.0271031720522959,6,1,0.340696365480741,251,1300,2596,3.99384615384615,90,4.17148220524664,0.0130969554323893,8,0.00307455439095162,-0.064914335728766,4.17148220524664,345,3
722,4,1193.81040556997,0.000188501413760603,0.0181250095779913,6,1,0.510666531244936,720,1300,2596,3.99384615384615,90,4.17148220524664,0.0130969554323893,8,0.00307455439095162,-0.064914335728766,4.17148220524664,345,3
723,2,72.7989508721358,0.000166861338227933,0.00558392509583363,7,1,0.347886721875659,92,1300,2596,3.99384615384615,90,4.17148220524664,0.0130969554323893,8,0.00307455439095162,-0.064914335728766,4.17148220524664,345,3
724,2,87.3811195483302,0.000166140554909453,0.00434547210597815,7,1,0.352964792240348,90,1300,2596,3.99384615384615,90,4.17148220524664,0.0130969554323893,8,0.00307455439095162,-0.064914335728766,4.17148220524664,345,3
725,2,141.580155266355,0.000166527893422148,0.00375978555406244,7,1,0.346835134313157,87,1300,2596,3.99384615384615,90,4.17148220524664,0.0130969554323893,8,0.00307455439095162,-0.064914335728766,4.17148220524664,345,3
726,2,121.277334356712,0.000194817845314631,0.0264628191508218,6,1,0.338768985593186,351,1300,2596,3.99384615384615,90,4.17148220524664,0.0130969554323893,8,0.00307455439095162,-0.064914335728766,4.17148220524664,345,3
727,2,207.69184006143,0.000197083169097359,0.0280260690674365,6,1,0.340250371710363,357,1300,2596,3.99384615384615,90,4.17148220524664,0.0130969554323893,8,0.00307455439095162,-0.064914335728766,4.17148220524664,345,3
728,7,5321.04144415213,0.000221287895552113,0.0939488228224417,6,1,0.732342492865842,4512,1300,2596,3.99384615384615,90,4.17148220524664,0.0130969554323893,8,0.00307455439095162,-0.064914335728766,4.17148220524664,345,3
729,2,231.906357386675,0.000167336010709505,0.00305194444401156,7,1,0.35269172689141,68,1300,2596,3.99384615384615,90,4.17148220524664,0.0130969554323893,8,0.00307455439095162,-0.064914335728766,4.17148220524664,345,3
730,2,179.571327099462,0.000159744408945687,0.0023332966210673,7,1,0.355502971064227,55,1300,2596,3.99384615384615,90,4.17148220524664,0.0130969554323893,8,0.00307455439095162,-0.064914335728766,4.17148220524664,345,3
731,3,1820.81904409611,0.000193723363037582,0.0176026239323999,6,1,0.415249796984764,544,1300,2596,3.99384615384615,90,4.17148220524664,0.0130969554323893,8,0.00307455439095162,-0.064914335728766,4.17148220524664,345,3
732,2,145.923451549198,0.000180505415162455,0.0142991889718722,6,1,0.343050510028776,172,1300,2596,3.99384615384615,90,4.17148220524664,0.0130969554323893,8,0.00307455439095162,-0.064914335728766,4.17148220524664,345,3
733,5,741.25638728187,0.000171762281003092,0.0065778171137424,7,1,0.600415760725758,460,1300,2596,3.99384615384615,90,4.17148220524664,0.0130969554323893,8,0.00307455439095162,-0.064914335728766,4.17148220524664,345,3
734,3,1001.45421009684,0.000205254515599343,0.034387318928468,6,1,0.417835398706626,960,1300,2596,3.99384615384615,90,4.17148220524664,0.0130969554323893,8,0.00307455439095162,-0.064914335728766,4.17148220524664,345,3
735,2,661.277975813652,0.000219106047326906,0.0787153990244084,6,1,0.340642625027013,725,1300,2596,3.99384615384615,90,4.17148220524664,0.0130969554323893,8,0.00307455439095162,-0.064914335728766,4.17148220524664,345,3
736,3,377.764755795726,0.000166057788110262,0.00507944291481795,7,1,0.432897558483313,154,1300,2596,3.99384615384615,90,4.17148220524664,0.0130969554323893,8,0.00307455439095162,-0.064914335728766,4.17148220524664,345,3
737,2,131.723842693703,0.000176491351923756,0.00997227193838798,6,1,0.351019658662009,137,1300,2596,3.99384615384615,90,4.17148220524664,0.0130969554323893,8,0.00307455439095162,-0.064914335728766,4.17148220524664,345,3
738,2,18.9300183150183,0.000172771250863856,0.0109474029038367,6,1,0.350651736263475,123,1300,2596,3.99384615384615,90,4.17148220524664,0.0130969554323893,8,0.00307455439095162,-0.064914335728766,4.17148220524664,345,3
739,2,102.350564575737,0.000177777777777778,0.0113010197709907,6,1,0.352568075949602,155,1300,2596,3.99384615384615,90,4.17148220524664,0.0130969554323893,8,0.00307455439095162,-0.064914335728766,4.17148220524664,345,3
740,2,0,0.000190005700171005,0.0238034386740685,6,1,0.344732859550973,270,1300,2596,3.99384615384615,90,4.17148220524664,0.0130969554323893,8,0.00307455439095162,-0.064914335728766,4.17148220524664,345,3
741,2,126.264142597432,0.000175039383861369,0.00918776011898026,7,1,0.3532874857133,127,1300,2596,3.99384615384615,90,4.17148220524664,0.0130969554323893,8,0.00307455439095162,-0.064914335728766,4.17148220524664,345,3
742,4,777.606000596428,0.000177683013503909,0.011464018185387,7,1,0.512631046121212,489,1300,2596,3.99384615384615,90,4.17148220524664,0.0130969554323893,8,0.00307455439095162,-0.064914335728766,4.17148220524664,345,3
743,4,2406.65474694962,0.000212992545260916,0.0536267245145525,5,1,0.500392554884369,1740,1300,2596,3.99384615384615,90,4.17148220524664,0.0130969554323893,8,0.00307455439095162,-0.064914335728766,4.17148220524664,345,3
744,2,69.3431062174998,0.000184297825285662,0.0148693981739693,6,1,0.346806417888639,205,1300,2596,3.99384615384615,90,4.17148220524664,0.0130969554323893,8,0.00307455439095162,-0.064914335728766,4.17148220524664,345,3
745,2,57.398678097788,0.000152975370965275,0.00151612098547878,7,1,0.361701266867994,36,1300,2596,3.99384615384615,90,4.17148220524664,0.0130969554323893,8,0.00307455439095162,-0.064914335728766,4.17148220524664,345,3
746,3,2820.39340073419,0.000218292949137743,0.087698685047541,6,1,0.419096300809427,1342,1300,2596,3.99384615384615,90,4.17148220524664,0.0130969554323893,8,0.00307455439095162,-0.064914335728766,4.17148220524664,345,3
747,4,1398.60644821885,0.000214638334406525,0.0614647274154489,5,1,0.494446384741026,1788,1300,2596,3.99384615384615,90,4.17148220524664,0.0130969554323893,8,0.00307455439095162,-0.064914335728766,4.17148220524664,345,3
748,2,106.757816530861,0.000176211453744493,0.00878818981577376,6,1,0.352733337979231,138,1300,2596,3.99384615384615,90,4.17148220524664,0.0130969554323893,8,0.00307455439095162,-0.064914335728766,4.17148220524664,345,3
749,3,2406.63176196441,0.000199640646835696,0.0248090553303941,6,1,0.423476622356403,774,1300,2596,3.99384615384615,90,4.17148220524664,0.0130969554323893,8,0.00307455439095162,-0.064914335728766,4.17148220524664,345,3
750,2,173.732970136159,0.000163318634656214,0.00453186799578434,7,1,0.347676970692018,80,1300,2596,3.99384615384615,90,4.17148220524664,0.0130969554323893,8,0.00307455439095162,-0.064914335728766,4.17148220524664,345,3
751,2,44.7972528778411,0.000166140554909453,0.00516379293258608,7,1,0.35563459711679,91,1300,2596,3.99384615384615,90,4.17148220524664,0.0130969554323893,8,0.00307455439095162,-0.064914335728766,4.17148220524664,345,3
752,2,69.3704904102269,0.000165727543917799,0.00455159445423385,7,1,0.347990479555055,82,1300,2596,3.99384615384615,90,4.17148220524664,0.0130969554323893,8,0.00307455439095162,-0.064914335728766,4.17148220524664,345,3
753,2,339.819867654638,0.00018875047187618,0.0157335048342886,6,1,0.342164343543401,258,1300,2596,3.99384615384615,90,4.17148220524664,0.0130969554323893,8,0.00307455439095162,-0.064914335728766,4.17148220524664,345,3
754,4,1052.1267007161,0.0001653165812531,0.0036125959711338,6,1,0.526323206213188,282,1300,2596,3.99384615384615,90,4.17148220524664,0.0130969554323893,8,0.00307455439095162,-0.064914335728766,4.17148220524664,345,3
755,3,229.202755829396,0.000182149362477231,0.0153896678747951,6,1,0.411771208772783,400,1300,2596,3.99384615384615,90,4.17148220524664,0.0130969554323893,8,0.00307455439095162,-0.064914335728766,4.17148220524664,345,3
756,2,46.9350421779131,0.000161707632600259,0.00347424482964009,7,1,0.354903081450774,53,1300,2596,3.99384615384615,90,4.17148220524664,0.0130969554323893,8,0.00307455439095162,-0.064914335728766,4.17148220524664,345,3
757,4,2528.03683664287,0.000219010074463425,0.0808583900076244,6,1,0.507455507196256,2133,1300,2596,3.99384615384615,90,4.17148220524664,0.0130969554323893,8,0.00307455439095162,-0.064914335728766,4.17148220524664,345,3
758,2,131.485647849405,0.00016493485073396,0.00408741882626056,7,1,0.349532055922251,70,1300,2596,3.99384615384615,90,4.17148220524664,0.0130969554323893,8,0.00307455439095162,-0.064914335728766,4.17148220524664,345,3
759,2,81.7389962606324,0.000182781941144215,0.0119035381868171,6,1,0.342542641435328,206,1300,2596,3.99384615384615,90,4.17148220524664,0.0130969554323893,8,0.00307455439095162,-0.064914335728766,4.17148220524664,345,3
760,3,119.376613211956,0.000161629222563439,0.00376340951889394,7,1,0.444397169112754,102,1300,2596,3.99384615384615,90,4.17148220524664,0.0130969554323893,8,0.00307455439095162,-0.064914335728766,4.17148220524664,345,3
761,2,231.603239619634,0.000180212650928095,0.0111649324841924,6,1,0.34393165019895,174,1300,2596,3.99384615384615,90,4.17148220524664,0.0130969554323893,8,0.00307455439095162,-0.064914335728766,4.17148220524664,345,3
762,3,403.097464625284,0.000166805671392827,0.00360829550382938,7,1,0.439904963160617,192,1300,2596,3.99384615384615,90,4.17148220524664,0.0130969554323893,8,0.00307455439095162,-0.064914335728766,4.17148220524664,345,3
763,2,11.1556659699613,0.000176087339320303,0.00934020305106063,7,1,0.359153122624787,133,1300,2596,3.99384615384615,90,4.17148220524664,0.0130969554323893,8,0.00307455439095162,-0.064914335728766,4.17148220524664,345,3
764,2,38.4705174080325,0.000177904287493329,0.0126355087872859,6,1,0.347666546648667,179,1300,2596,3.99384615384615,90,4.17148220524664,0.0130969554323893,8,0.00307455439095162,-0.064914335728766,4.17148220524664,345,3
765,2,46.7759750798854,0.000187687687687688,0.0183799297460744,6,1,0.345762208674432,246,1300,2596,3.99384615384615,90,4.17148220524664,0.0130969554323893,8,0.00307455439095162,-0.064914335728766,4.17148220524664,345,3
766,2,54.533010575505,0.000177273533061514,0.00813550809905074,6,1,0.348517718788096,139,1300,2596,3.99384615384615,90,4.17148220524664,0.0130969554323893,8,0.00307455439095162,-0.064914335728766,4.17148220524664,345,3
767,2,38.4960019782691,0.000180603214737222,0.0122265145484029,6,1,0.355853406302026,164,1300,2596,3.99384615384615,90,4.17148220524664,0.0130969554323893,8,0.00307455439095162,-0.064914335728766,4.17148220524664,345,3
768,2,140.157308194552,0.000164880461665293,0.0029046255005774,6,1,0.351901458387551,73,1300,2596,3.99384615384615,90,4.17148220524664,0.0130969554323893,8,0.00307455439095162,-0.064914335728766,4.17148220524664,345,3
769,2,148.638000133333,0.000164122763827343,0.0028552659556349,7,1,0.358248782641447,70,1300,2596,3.99384615384615,90,4.17148220524664,0.0130969554323893,8,0.00307455439095162,-0.064914335728766,4.17148220524664,345,3
770,2,192.617890131972,0.000172771250863856,0.00641297715452067,7,1,0.345431795173693,127,1300,2596,3.99384615384615,90,4.17148220524664,0.0130969554323893,8,0.00307455439095162,-0.064914335728766,4.17148220524664,345,3
771,2,104.422206040335,0.000160745860794085,0.00260556340129025,7,1,0.35325721729734,72,1300,2596,3.99384615384615,90,4.17148220524664,0.0130969554323893,8,0.00307455439095162,-0.064914335728766,4.17148220524664,345,3
772,2,79.0270435014249,0.00016134236850597,0.00344427658040041,7,1,0.357259452832462,46,1300,2596,3.99384615384615,90,4.17148220524664,0.0130969554323893,8,0.00307455439095162,-0.064914335728766,4.17148220524664,345,3
773,2,0,0.000181719062329638,0.0142176038952993,6,1,0.3432889531194,177,1300,2596,3.99384615384615,90,4.17148220524664,0.0130969554323893,8,0.00307455439095162,-0.064914335728766,4.17148220524664,345,3
774,2,0,0.000216262975778547,0.0936704215249783,6,1,0.342505562915989,656,1300,2596,3.99384615384615,90,4.17148220524664,0.0130969554323893,8,0.00307455439095162,-0.064914335728766,4.17148220524664,345,3
775,2,191.875282472393,0.000164581961816985,0.00523713342290994,7,1,0.351018173335622,86,1300,2596,3.99384615384615,90,4.17148220524664,0.0130969554323893,8,0.00307455439095162,-0.064914335728766,4.17148220524664,345,3
776,3,804.385016853245,0.000197980597901406,0.0268590574289253,6,1,0.427522011585685,752,1300,2596,3.99384615384615,90,4.17148220524664,0.0130969554323893,8,0.00307455439095162,-0.064914335728766,4.17148220524664,345,3
777,3,206.539868474053,0.000164962058726493,0.00472754626853903,7,1,0.433696563714467,158,1300,2596,3.99384615384615,90,4.17148220524664,0.0130969554323893,8,0.00307455439095162,-0.064914335728766,4.17148220524664,345,3
778,3,305.453223192383,0.000178507675830061,0.0115925783731872,6,1,0.431869124661043,320,1300,2596,3.99384615384615,90,4.17148220524664,0.0130969554323893,8,0.00307455439095162,-0.064914335728766,4.17148220524664,345,3
779,3,574.793128733238,0.000183722212015433,0.0127337043285823,6,1,0.424745229418719,406,1300,2596,3.99384615384615,90,4.17148220524664,0.0130969554323893,8,0.00307455439095162,-0.064914335728766,4.17148220524664,345,3
780,3,2012.29723682268,0.000199203187250996,0.0251648809027048,6,1,0.426927697374619,740,1300,2596,3.99384615384615,90,4.17148220524664,0.0130969554323893,8,0.00307455439095162,-0.064914335728766,4.17148220524664,345,3
781,2,181.688531811612,0.000164203612479475,0.00446620232044252,7,1,0.352684555253921,67,1300,2596,3.99384615384615,90,4.17148220524664,0.0130969554323893,8,0.00307455439095162,-0.064914335728766,4.17148220524664,345,3
782,2,51.1713780500545,0.000187300992695261,0.022940593780668,6,1,0.344564271059047,229,1300,2596,3.99384615384615,90,4.17148220524664,0.0130969554323893,8,0.00307455439095162,-0.064914335728766,4.17148220524664,345,3
783,2,177.620021666313,0.000210881484605652,0.0532081893438281,5,1,0.341137709362638,554,1300,2596,3.99384615384615,90,4.17148220524664,0.0130969554323893,8,0.00307455439095162,-0.064914335728766,4.17148220524664,345,3
784,2,203.011796847508,0.000178762960314623,0.0114959004571782,6,1,0.347615809976377,157,1300,2596,3.99384615384615,90,4.17148220524664,0.0130969554323893,8,0.00307455439095162,-0.064914335728766,4.17148220524664,345,3
785,2,155.24510045283,0.000186706497386109,0.0185008889351547,6,1,0.343535586049694,242,1300,2596,3.99384615384615,90,4.17148220524664,0.0130969554323893,8,0.00307455439095162,-0.064914335728766,4.17148220524664,345,3
786,2,237.714567913188,0.000170648464163823,0.00515911281536721,6,1,0.355569250344911,89,1300,2596,3.99384615384615,90,4.17148220524664,0.0130969554323893,8,0.00307455439095162,-0.064914335728766,4.17148220524664,345,3
787,4,1001.57872896211,0.000179147259046937,0.0108126370637761,6,1,0.511685757926982,525,1300,2596,3.99384615384615,90,4.17148220524664,0.0130969554323893,8,0.00307455439095162,-0.064914335728766,4.17148220524664,345,3
788,2,234.864763997938,0.000192901234567901,0.0166888427119722,6,1,0.341929242904049,288,1300,2596,3.99384615384615,90,4.17148220524664,0.0130969554323893,8,0.00307455439095162,-0.064914335728766,4.17148220524664,345,3
789,2,87.3092378821591,0.000175561797752809,0.00892283060173052,7,1,0.354564437361011,131,1300,2596,3.99384615384615,90,4.17148220524664,0.0130969554323893,8,0.00307455439095162,-0.064914335728766,4.17148220524664,345,3
790,2,71.2959059100865,0.000183217295712715,0.010341937336267,6,1,0.346943994906817,192,1300,2596,3.99384615384615,90,4.17148220524664,0.0130969554323893,8,0.00307455439095162,-0.064914335728766,4.17148220524664,345,3
791,3,392.702198174594,0.0001743679163034,0.00563223793454684,7,1,0.427690966987637,268,1300,2596,3.99384615384615,90,4.17148220524664,0.0130969554323893,8,0.00307455439095162,-0.064914335728766,4.17148220524664,345,3
792,2,153.836699810317,0.000177746178457163,0.0102798130070584,6,1,0.345322680674879,155,1300,2596,3.99384615384615,90,4.17148220524664,0.0130969554323893,8,0.00307455439095162,-0.064914335728766,4.17148220524664,345,3
793,2,170.036112047741,0.000170706725844998,0.00567322930305269,6,1,0.349903089583901,101,1300,2596,3.99384615384615,90,4.17148220524664,0.0130969554323893,8,0.00307455439095162,-0.064914335728766,4.17148220524664,345,3
794,2,336.751153969065,0.00015845349389954,0.00188065365812126,7,1,0.350380648851244,72,1300,2596,3.99384615384615,90,4.17148220524664,0.0130969554323893,8,0.00307455439095162,-0.064914335728766,4.17148220524664,345,3
795,2,336.257019497295,0.000217580504786771,0.0877084884961263,6,1,0.340712735244184,691,1300,2596,3.99384615384615,90,4.17148220524664,0.0130969554323893,8,0.00307455439095162,-0.064914335728766,4.17148220524664,345,3
796,7,4683.8545579244,0.000199242877067145,0.0230815363808239,6,1,0.745984143514368,2064,1300,2596,3.99384615384615,90,4.17148220524664,0.0130969554323893,8,0.00307455439095162,-0.064914335728766,4.17148220524664,345,3
797,2,294.622882858714,0.000157529930686831,0.00171343316759517,7,1,0.350509854445548,52,1300,2596,3.99384615384615,90,4.17148220524664,0.0130969554323893,8,0.00307455439095162,-0.064914335728766,4.17148220524664,345,3
798,2,53.448636222452,0.000156396621832968,0.0020876620839449,7,1,0.359768645270247,41,1300,2596,3.99384615384615,90,4.17148220524664,0.0130969554323893,8,0.00307455439095162,-0.064914335728766,4.17148220524664,345,3
799,2,729.896532383327,0.000219490781387182,0.0797510509735645,6,1,0.337237076401028,724,1300,2596,3.99384615384615,90,4.17148220524664,0.0130969554323893,8,0.00307455439095162,-0.064914335728766,4.17148220524664,345,3
800,3,224.470871410251,0.000177841010136938,0.00857889478841781,6,1,0.432032302746017,320,1300,2596,3.99384615384615,90,4.17148220524664,0.0130969554323893,8,0.00307455439095162,-0.064914335728766,4.17148220524664,345,3
801,3,1372.58232583864,0.000184877056757256,0.0138849267037295,6,1,0.437182178279105,424,1300,2596,3.99384615384615,90,4.17148220524664,0.0130969554323893,8,0.00307455439095162,-0.064914335728766,4.17148220524664,345,3
802,3,267.122199641528,0.000181653042688465,0.0123050198982266,6,1,0.421281075401399,352,1300,2596,3.99384615384615,90,4.17148220524664,0.0130969554323893,8,0.00307455439095162,-0.064914335728766,4.17148220524664,345,3
803,3,539.495473997885,0.000175561797752809,0.00963226216646343,6,1,0.438026421108337,250,1300,2596,3.99384615384615,90,4.17148220524664,0.0130969554323893,8,0.00307455439095162,-0.064914335728766,4.17148220524664,345,3
804,3,154.971883342487,0.000163025758069775,0.00348307621730641,7,1,0.431907822212066,128,1300,2596,3.99384615384615,90,4.17148220524664,0.0130969554323893,8,0.00307455439095162,-0.064914335728766,4.17148220524664,345,3
805,3,764.424989092415,0.000174064403829417,0.00947136290164028,6,1,0.434329413814302,238,1300,2596,3.99384615384615,90,4.17148220524664,0.0130969554323893,8,0.00307455439095162,-0.064914335728766,4.17148220524664,345,3
806,2,0,0.000163265306122449,0.00291881135284978,7,1,0.354469058043161,88,1300,2596,3.99384615384615,90,4.17148220524664,0.0130969554323893,8,0.00307455439095162,-0.064914335728766,4.17148220524664,345,3
807,3,765.205104133395,0.000190367409099562,0.0143733681683706,6,1,0.42689306882359,490,1300,2596,3.99384615384615,90,4.17148220524664,0.0130969554323893,8,0.00307455439095162,-0.064914335728766,4.17148220524664,345,3
808,3,571.450209752408,0.000183992640294388,0.0158843371154431,6,1,0.43544575946852,424,1300,2596,3.99384615384615,90,4.17148220524664,0.0130969554323893,8,0.00307455439095162,-0.064914335728766,4.17148220524664,345,3
809,2,195.002805459075,0.000174978127734033,0.00738035256725633,7,1,0.356301273995441,102,1300,2596,3.99384615384615,90,4.17148220524664,0.0130969554323893,8,0.00307455439095162,-0.064914335728766,4.17148220524664,345,3
810,3,1182.50933803386,0.000185942729639271,0.0110645573713679,6,1,0.428752255451189,370,1300,2596,3.99384615384615,90,4.17148220524664,0.0130969554323893,8,0.00307455439095162,-0.064914335728766,4.17148220524664,345,3
811,3,171.262879459548,0.00015852885225111,0.00240257174751239,7,1,0.443922195007198,118,1300,2596,3.99384615384615,90,4.17148220524664,0.0130969554323893,8,0.00307455439095162,-0.064914335728766,4.17148220524664,345,3
812,2,111.277010086371,0.00016463615409944,0.00516146298464464,7,1,0.34894227316903,72,1300,2596,3.99384615384615,90,4.17148220524664,0.0130969554323893,8,0.00307455439095162,-0.064914335728766,4.17148220524664,345,3
813,2,326.543146597554,0.000170765027322404,0.0055387714564728,6,1,0.356614810130444,105,1300,2596,3.99384615384615,90,4.17148220524664,0.0130969554323893,8,0.00307455439095162,-0.064914335728766,4.17148220524664,345,3
814,2,33.7655411255411,0.000173370319001387,0.0059068895770818,6,1,0.353765009598903,114,1300,2596,3.99384615384615,90,4.17148220524664,0.0130969554323893,8,0.00307455439095162,-0.064914335728766,4.17148220524664,345,3
815,2,259.001856056475,0.000176335743255158,0.00905580703613266,6,1,0.351525223144791,159,1300,2596,3.99384615384615,90,4.17148220524664,0.0130969554323893,8,0.00307455439095162,-0.064914335728766,4.17148220524664,345,3
816,2,0,0.000186115764005211,0.0171733025196203,6,1,0.348238555340185,222,1300,2596,3.99384615384615,90,4.17148220524664,0.0130969554323893,8,0.00307455439095162,-0.064914335728766,4.17148220524664,345,3
817,2,27.0935543052351,0.000181422351233672,0.0118104979628586,6,1,0.350424612320979,163,1300,2596,3.99384615384615,90,4.17148220524664,0.0130969554323893,8,0.00307455439095162,-0.064914335728766,4.17148220524664,345,3
818,2,199.908421908179,0.000174978127734033,0.011405909642557,6,1,0.354740655571679,143,1300,2596,3.99384615384615,90,4.17148220524664,0.0130969554323893,8,0.00307455439095162,-0.064914335728766,4.17148220524664,345,3
819,2,47.6555189539535,0.000163158753467124,0.00313130707073001,7,1,0.356631527055891,60,1300,2596,3.99384615384615,90,4.17148220524664,0.0130969554323893,8,0.00307455439095162,-0.064914335728766,4.17148220524664,345,3
820,2,166.175511303574,0.000170940170940171,0.00557834172958394,6,1,0.353826262673349,110,1300,2596,3.99384615384615,90,4.17148220524664,0.0130969554323893,8,0.00307455439095162,-0.064914335728766,4.17148220524664,345,3
821,2,291.382146774302,0.000189393939393939,0.0167223175065585,6,1,0.345162770709403,257,1300,2596,3.99384615384615,90,4.17148220524664,0.0130969554323893,8,0.00307455439095162,-0.064914335728766,4.17148220524664,345,3
822,3,491.452881396434,0.000165016501650165,0.00449563705378785,7,1,0.433759937802196,124,1300,2596,3.99384615384615,90,4.17148220524664,0.0130969554323893,8,0.00307455439095162,-0.064914335728766,4.17148220524664,345,3
823,2,92.1504553715304,0.00017905102954342,0.0112607622707394,6,1,0.343775467344902,170,1300,2596,3.99384615384615,90,4.17148220524664,0.0130969554323893,8,0.00307455439095162,-0.064914335728766,4.17148220524664,345,3
824,4,1228.78965037031,0.000182182546912006,0.0208261543583003,6,1,0.513425444286144,594,1300,2596,3.99384615384615,90,4.17148220524664,0.0130969554323893,8,0.00307455439095162,-0.064914335728766,4.17148220524664,345,3
825,2,191.611573432177,0.000216262975778547,0.093376441130954,6,1,0.342294748179462,661,1300,2596,3.99384615384615,90,4.17148220524664,0.0130969554323893,8,0.00307455439095162,-0.064914335728766,4.17148220524664,345,3
826,4,1499.39922579384,0.000162760416666667,0.00190974075350377,7,1,0.530505716043941,228,1300,2596,3.99384615384615,90,4.17148220524664,0.0130969554323893,8,0.00307455439095162,-0.064914335728766,4.17148220524664,345,3
827,2,52.5271303833142,0.000160565189466924,0.00435687517478368,7,1,0.355804129703279,77,1300,2596,3.99384615384615,90,4.17148220524664,0.0130969554323893,8,0.00307455439095162,-0.064914335728766,4.17148220524664,345,3
828,3,131.224709697194,0.000150466445982546,0.00153963138000585,7,1,0.449043020562841,58,1300,2596,3.99384615384615,90,4.17148220524664,0.0130969554323893,8,0.00307455439095162,-0.064914335728766,4.17148220524664,345,3
829,2,152.605753327591,0.000152091254752852,0.00112305192190977,7,1,0.358403284091694,45,1300,2596,3.99384615384615,90,4.17148220524664,0.0130969554323893,8,0.00307455439095162,-0.064914335728766,4.17148220524664,345,3
830,2,106.473140964574,0.000181719062329638,0.0117656924880887,6,1,0.35057974299355,174,1300,2596,3.99384615384615,90,4.17148220524664,0.0130969554323893,8,0.00307455439095162,-0.064914335728766,4.17148220524664,345,3
831,2,113.002048102206,0.000177273533061514,0.00917281380807881,7,1,0.351647874457026,126,1300,2596,3.99384615384615,90,4.17148220524664,0.0130969554323893,8,0.00307455439095162,-0.064914335728766,4.17148220524664,345,3
832,2,112.824477170083,0.000167869733087124,0.00587627198278277,6,1,0.348247501138936,81,1300,2596,3.99384615384615,90,4.17148220524664,0.0130969554323893,8,0.00307455439095162,-0.064914335728766,4.17148220524664,345,3
833,3,498.652567164148,0.000174947515745276,0.00640431760459501,7,1,0.425175609528678,284,1300,2596,3.99384615384615,90,4.17148220524664,0.0130969554323893,8,0.00307455439095162,-0.064914335728766,4.17148220524664,345,3
834,2,291.930881061314,0.000173160173160173,0.00959336181938644,6,1,0.357520046246097,120,1300,2596,3.99384615384615,90,4.17148220524664,0.0130969554323893,8,0.00307455439095162,-0.064914335728766,4.17148220524664,345,3
835,2,74.4386764566761,0.000175561797752809,0.00694316996179462,6,1,0.356587222655701,143,1300,2596,3.99384615384615,90,4.17148220524664,0.0130969554323893,8,0.00307455439095162,-0.064914335728766,4.17148220524664,345,3
836,4,2118.47202309778,0.000218627022299956,0.0893893211379048,5,1,0.491192008991639,2082,1300,2596,3.99384615384615,90,4.17148220524664,0.0130969554323893,8,0.00307455439095162,-0.064914335728766,4.17148220524664,345,3
837,3,1817.93731943139,0.000212044105173876,0.0516421107685256,5,1,0.43126890885838,1128,1300,2596,3.99384615384615,90,4.17148220524664,0.0130969554323893,8,0.00307455439095162,-0.064914335728766,4.17148220524664,345,3
838,3,1463.63459022216,0.000214638334406525,0.0688818842651426,5,1,0.416197448794318,1184,1300,2596,3.99384615384615,90,4.17148220524664,0.0130969554323893,8,0.00307455439095162,-0.064914335728766,4.17148220524664,345,3
839,2,188.359381432346,0.000152881822351322,0.00116978149396535,7,1,0.356457078082552,44,1300,2596,3.99384615384615,90,4.17148220524664,0.0130969554323893,8,0.00307455439095162,-0.064914335728766,4.17148220524664,345,3
840,2,154.629241364316,0.000174641983932937,0.00633786166695515,6,1,0.348449052434672,108,1300,2596,3.99384615384615,90,4.17148220524664,0.0130969554323893,8,0.00307455439095162,-0.064914335728766,4.17148220524664,345,3
841,2,46.6387376512376,0.000156862745098039,0.00261395972003581,7,1,0.361095648102262,40,1300,2596,3.99384615384615,90,4.17148220524664,0.0130969554323893,8,0.00307455439095162,-0.064914335728766,4.17148220524664,345,3
842,2,120.821133231744,0.000155183116076971,0.0019058093694155,7,1,0.353439331379187,46,1300,2596,3.99384615384615,90,4.17148220524664,0.0130969554323893,8,0.00307455439095162,-0.064914335728766,4.17148220524664,345,3
843,3,620.263964026692,0.000177085177970604,0.0110320568816469,6,1,0.428625460051566,288,1300,2596,3.99384615384615,90,4.17148220524664,0.0130969554323893,8,0.00307455439095162,-0.064914335728766,4.17148220524664,345,3
844,4,925.651016412003,0.000161550888529887,0.00350093704118482,7,1,0.533406244049591,162,1300,2596,3.99384615384615,90,4.17148220524664,0.0130969554323893,8,0.00307455439095162,-0.064914335728766,4.17148220524664,345,3
845,2,1455.98379963239,0.000211550666384599,0.0510390684669073,5,1,0.344922688365662,551,1300,2596,3.99384615384615,90,4.17148220524664,0.0130969554323893,8,0.00307455439095162,-0.064914335728766,4.17148220524664,345,3
846,3,608.457504162289,0.00017822135091784,0.0088163748461881,6,1,0.428540201264242,292,1300,2596,3.99384615384615,90,4.17148220524664,0.0130969554323893,8,0.00307455439095162,-0.064914335728766,4.17148220524664,345,3
847,2,117.478266656416,0.000177746178457163,0.0103942867932737,6,1,0.347579260476779,140,1300,2596,3.99384615384615,90,4.17148220524664,0.0130969554323893,8,0.00307455439095162,-0.064914335728766,4.17148220524664,345,3
848,3,1128.5179374547,0.000219058050383352,0.0847528783054789,5,1,0.42523942111464,1440,1300,2596,3.99384615384615,90,4.17148220524664,0.0130969554323893,8,0.00307455439095162,-0.064914335728766,4.17148220524664,345,3
849,5,603.039940927338,0.000170386777986028,0.00463199603055901,7,1,0.599943973386892,428,1300,2596,3.99384615384615,90,4.17148220524664,0.0130969554323893,8,0.00307455439095162,-0.064914335728766,4.17148220524664,345,3
850,3,432.788239497636,0.000166833500166834,0.00515789670941651,6,1,0.429806834813875,158,1300,2596,3.99384615384615,90,4.17148220524664,0.0130969554323893,8,0.00307455439095162,-0.064914335728766,4.17148220524664,345,3
851,4,297.36330770594,0.000192196809532962,0.0196728987885695,6,1,0.511757918658667,882,1300,2596,3.99384615384615,90,4.17148220524664,0.0130969554323893,8,0.00307455439095162,-0.064914335728766,4.17148220524664,345,3
852,2,964.082614464018,0.000213949507916132,0.0551514243262416,5,1,0.337705648547559,599,1300,2596,3.99384615384615,90,4.17148220524664,0.0130969554323893,8,0.00307455439095162,-0.064914335728766,4.17148220524664,345,3
853,2,57.1907868577466,0.000177273533061514,0.0182665467389552,7,1,0.343324909359528,163,1300,2596,3.99384615384615,90,4.17148220524664,0.0130969554323893,8,0.00307455439095162,-0.064914335728766,4.17148220524664,345,3
854,2,269.486496044763,0.000158002844051193,0.00169005839358939,7,1,0.349282300250373,64,1300,2596,3.99384615384615,90,4.17148220524664,0.0130969554323893,8,0.00307455439095162,-0.064914335728766,4.17148220524664,345,3
855,2,254.241950943918,0.000198649185538339,0.0360571660786966,6,1,0.345354916652029,380,1300,2596,3.99384615384615,90,4.17148220524664,0.0130969554323893,8,0.00307455439095162,-0.064914335728766,4.17148220524664,345,3
856,2,53.8280409112615,0.000172651933701657,0.00953110543359028,6,1,0.354536717476482,124,1300,2596,3.99384615384615,90,4.17148220524664,0.0130969554323893,8,0.00307455439095162,-0.064914335728766,4.17148220524664,345,3
857,2,73.1341438315936,0.000178699070764832,0.0130086693683633,6,1,0.348057324180092,175,1300,2596,3.99384615384615,90,4.17148220524664,0.0130969554323893,8,0.00307455439095162,-0.064914335728766,4.17148220524664,345,3
858,3,171.308924309526,0.000172950536146662,0.0169675979284233,7,1,0.438199294396922,230,1300,2596,3.99384615384615,90,4.17148220524664,0.0130969554323893,8,0.00307455439095162,-0.064914335728766,4.17148220524664,345,3
859,2,64.2665985158632,0.000145496871817256,0.000987330861185985,7,1,0.364401901939996,25,1300,2596,3.99384615384615,90,4.17148220524664,0.0130969554323893,8,0.00307455439095162,-0.064914335728766,4.17148220524664,345,3
860,2,44.4236392085492,0.000167168171180207,0.00536364870011498,7,1,0.356060158398678,94,1300,2596,3.99384615384615,90,4.17148220524664,0.0130969554323893,8,0.00307455439095162,-0.064914335728766,4.17148220524664,345,3
861,2,272.86362417289,0.000186011904761905,0.0190523153270843,6,1,0.348741339267609,239,1300,2596,3.99384615384615,90,4.17148220524664,0.0130969554323893,8,0.00307455439095162,-0.064914335728766,4.17148220524664,345,3
862,3,445.828887948281,0.000178667143112382,0.00873944207167057,6,1,0.421149547719834,314,1300,2596,3.99384615384615,90,4.17148220524664,0.0130969554323893,8,0.00307455439095162,-0.064914335728766,4.17148220524664,345,3
863,3,576.210709633503,0.000173731758165393,0.00840207016754244,6,1,0.448418425698709,216,1300,2596,3.99384615384615,90,4.17148220524664,0.0130969554323893,8,0.00307455439095162,-0.064914335728766,4.17148220524664,345,3
864,3,1484.92885027978,0.000211999152003392,0.0574434113115225,5,1,0.427236522395764,1102,1300,2596,3.99384615384615,90,4.17148220524664,0.0130969554323893,8,0.00307455439095162,-0.064914335728766,4.17148220524664,345,3
865,2,574.435546325315,0.000181653042688465,0.0136418671289516,6,1,0.341987006637733,185,1300,2596,3.99384615384615,90,4.17148220524664,0.0130969554323893,8,0.00307455439095162,-0.064914335728766,4.17148220524664,345,3
866,2,110.16227593767,0.000166002656042497,0.00332853368801605,7,1,0.359898635662663,74,1300,2596,3.99384615384615,90,4.17148220524664,0.0130969554323893,8,0.00307455439095162,-0.064914335728766,4.17148220524664,345,3
867,2,53.7183302808303,0.000156887354879197,0.00249656378615134,7,1,0.364086047852176,33,1300,2596,3.99384615384615,90,4.17148220524664,0.0130969554323893,8,0.00307455439095162,-0.064914335728766,4.17148220524664,345,3
868,2,45.4857434680015,0.000174641983932937,0.00932103412415648,6,1,0.351335028245549,136,1300,2596,3.99384615384615,90,4.17148220524664,0.0130969554323893,8,0.00307455439095162,-0.064914335728766,4.17148220524664,345,3
869,2,67.7650354394477,0.000187055742611298,0.0164046854752891,6,1,0.342668092391381,231,1300,2596,3.99384615384615,90,4.17148220524664,0.0130969554323893,8,0.00307455439095162,-0.064914335728766,4.17148220524664,345,3
870,4,504.867631183501,0.000178062678062678,0.00884919873363476,6,1,0.511707224264125,453,1300,2596,3.99384615384615,90,4.17148220524664,0.0130969554323893,8,0.00307455439095162,-0.064914335728766,4.17148220524664,345,3
871,2,48.670762701596,0.000174489617867737,0.00718103784894439,6,1,0.349503476079724,128,1300,2596,3.99384615384615,90,4.17148220524664,0.0130969554323893,8,0.00307455439095162,-0.064914335728766,4.17148220524664,345,3
872,2,76.7406269339515,0.000166002656042497,0.00396797206643143,7,1,0.348549229393034,59,1300,2596,3.99384615384615,90,4.17148220524664,0.0130969554323893,8,0.00307455439095162,-0.064914335728766,4.17148220524664,345,3
873,2,54.668299849464,0.000178826895565093,0.0137506070339077,6,1,0.349530524333237,152,1300,2596,3.99384615384615,90,4.17148220524664,0.0130969554323893,8,0.00307455439095162,-0.064914335728766,4.17148220524664,345,3
874,3,627.220427296378,0.000161238310222509,0.00224209637521669,7,1,0.446361899954598,90,1300,2596,3.99384615384615,90,4.17148220524664,0.0130969554323893,8,0.00307455439095162,-0.064914335728766,4.17148220524664,345,3
875,2,495.037572939449,0.000186428038777032,0.0164096421671902,6,1,0.349834259301487,225,1300,2596,3.99384615384615,90,4.17148220524664,0.0130969554323893,8,0.00307455439095162,-0.064914335728766,4.17148220524664,345,3
876,2,218.397059773008,0.000185735512630015,0.0163490766467574,6,1,0.339707481489793,228,1300,2596,3.99384615384615,90,4.17148220524664,0.0130969554323893,8,0.00307455439095162,-0.064914335728766,4.17148220524664,345,3
877,3,866.266299076106,0.000186671644577189,0.0199432198637851,6,1,0.431845941141077,494,1300,2596,3.99384615384615,90,4.17148220524664,0.0130969554323893,8,0.00307455439095162,-0.064914335728766,4.17148220524664,345,3
878,2,18.0537718625133,0.00017822135091784,0.00968705096831191,7,1,0.360381689457461,143,1300,2596,3.99384615384615,90,4.17148220524664,0.0130969554323893,8,0.00307455439095162,-0.064914335728766,4.17148220524664,345,3
879,2,208.394129405839,0.000176740897843761,0.0104212279204794,7,1,0.352772855329302,128,1300,2596,3.99384615384615,90,4.17148220524664,0.0130969554323893,8,0.00307455439095162,-0.064914335728766,4.17148220524664,345,3
880,3,295.244275561037,0.000179115171054988,0.0128180350997733,6,1,0.42508682978331,348,1300,2596,3.99384615384615,90,4.17148220524664,0.0130969554323893,8,0.00307455439095162,-0.064914335728766,4.17148220524664,345,3
881,2,44.2560438635439,0.00016767270288397,0.00513499171564056,7,1,0.354689561975358,96,1300,2596,3.99384615384615,90,4.17148220524664,0.0130969554323893,8,0.00307455439095162,-0.064914335728766,4.17148220524664,345,3
882,4,448.238897419349,0.000164257555847569,0.0031807940280269,7,1,0.517606696548123,180,1300,2596,3.99384615384615,90,4.17148220524664,0.0130969554323893,8,0.00307455439095162,-0.064914335728766,4.17148220524664,345,3
883,2,41.5916847489428,0.000179888469149128,0.0108144130472814,6,1,0.348880135315728,159,1300,2596,3.99384615384615,90,4.17148220524664,0.0130969554323893,8,0.00307455439095162,-0.064914335728766,4.17148220524664,345,3
884,2,282.206102300827,0.000190294957183635,0.0216117857194868,6,1,0.34247491122725,277,1300,2596,3.99384615384615,90,4.17148220524664,0.0130969554323893,8,0.00307455439095162,-0.064914335728766,4.17148220524664,345,3
885,2,0,0.000218483722962639,0.0856616444917013,6,1,0.337410095214149,708,1300,2596,3.99384615384615,90,4.17148220524664,0.0130969554323893,8,0.00307455439095162,-0.064914335728766,4.17148220524664,345,3
886,3,613.760427502414,0.000160282096489822,0.00255714732473754,7,1,0.447446829681649,98,1300,2596,3.99384615384615,90,4.17148220524664,0.0130969554323893,8,0.00307455439095162,-0.064914335728766,4.17148220524664,345,3
887,2,17.8672272200416,0.000174094707520891,0.0100387877835039,7,1,0.350202550270058,116,1300,2596,3.99384615384615,90,4.17148220524664,0.0130969554323893,8,0.00307455439095162,-0.064914335728766,4.17148220524664,345,3
888,2,75.2884048098444,0.000155642023346304,0.00147403763880373,7,1,0.360258537717371,35,1300,2596,3.99384615384615,90,4.17148220524664,0.0130969554323893,8,0.00307455439095162,-0.064914335728766,4.17148220524664,345,3
889,2,93.2697810677892,0.000177967609894999,0.00950573304238494,6,1,0.349685159772921,143,1300,2596,3.99384615384615,90,4.17148220524664,0.0130969554323893,8,0.00307455439095162,-0.064914335728766,4.17148220524664,345,3
890,2,608.097241451667,0.000186636804777902,0.0143975740487898,6,1,0.340214235296833,209,1300,2596,3.99384615384615,90,4.17148220524664,0.0130969554323893,8,0.00307455439095162,-0.064914335728766,4.17148220524664,345,3
891,2,269.246172781588,0.000189861401177141,0.0141511208944205,6,1,0.344364774818284,231,1300,2596,3.99384615384615,90,4.17148220524664,0.0130969554323893,8,0.00307455439095162,-0.064914335728766,4.17148220524664,345,3
892,2,1304.35801149917,0.000218579234972678,0.0870625182100194,5,1,0.343796030571058,691,1300,2596,3.99384615384615,90,4.17148220524664,0.0130969554323893,8,0.00307455439095162,-0.064914335728766,4.17148220524664,345,3
893,5,1473.34248133481,0.000179726815240834,0.010674911889302,6,1,0.588787731624426,620,1300,2596,3.99384615384615,90,4.17148220524664,0.0130969554323893,8,0.00307455439095162,-0.064914335728766,4.17148220524664,345,3
894,2,27.4213346294229,0.000161655350792111,0.00395175995350538,7,1,0.35785861288449,73,1300,2596,3.99384615384615,90,4.17148220524664,0.0130969554323893,8,0.00307455439095162,-0.064914335728766,4.17148220524664,345,3
895,2,142.075866554819,0.000169894665307509,0.00591966785756597,6,1,0.354729790910195,105,1300,2596,3.99384615384615,90,4.17148220524664,0.0130969554323893,8,0.00307455439095162,-0.064914335728766,4.17148220524664,345,3
896,2,267.91173365095,0.000189825360668185,0.0176221019036315,6,1,0.341052397504594,262,1300,2596,3.99384615384615,90,4.17148220524664,0.0130969554323893,8,0.00307455439095162,-0.064914335728766,4.17148220524664,345,3
897,3,1372.31609838408,0.000188182160331201,0.0149764340444434,6,1,0.432295978303016,466,1300,2596,3.99384615384615,90,4.17148220524664,0.0130969554323893,8,0.00307455439095162,-0.064914335728766,4.17148220524664,345,3
898,4,660.729693409771,0.000163800163800164,0.0039543136739975,7,1,0.522214978375255,252,1300,2596,3.99384615384615,90,4.17148220524664,0.0130969554323893,8,0.00307455439095162,-0.064914335728766,4.17148220524664,345,3
899,3,1071.53303932026,0.000187195806813927,0.0141799602163481,6,1,0.434964041553019,436,1300,2596,3.99384615384615,90,4.17148220524664,0.0130969554323893,8,0.00307455439095162,-0.064914335728766,4.17148220524664,345,3
900,3,1103.76684172413,0.00016926201760325,0.00557088843114012,6,1,0.42918673882006,186,1300,2596,3.99384615384615,90,4.17148220524664,0.0130969554323893,8,0.00307455439095162,-0.064914335728766,4.17148220524664,345,3
901,3,343.405308558553,0.000163345311989546,0.00309212838201364,7,1,0.434094584194933,90,1300,2596,3.99384615384615,90,4.17148220524664,0.0130969554323893,8,0.00307455439095162,-0.064914335728766,4.17148220524664,345,3
902,2,220.632370090798,0.000189933523266857,0.0175122073622717,6,1,0.341469446090489,272,1300,2596,3.99384615384615,90,4.17148220524664,0.0130969554323893,8,0.00307455439095162,-0.064914335728766,4.17148220524664,345,3
903,3,643.997333664561,0.000200400801603206,0.0372289077340903,6,1,0.424938054299015,796,1300,2596,3.99384615384615,90,4.17148220524664,0.0130969554323893,8,0.00307455439095162,-0.064914335728766,4.17148220524664,345,3
904,2,81.157737116917,0.000163425396306586,0.00356062794642345,7,1,0.349638406060472,65,1300,2596,3.99384615384615,90,4.17148220524664,0.0130969554323893,8,0.00307455439095162,-0.064914335728766,4.17148220524664,345,3
905,2,271.683106356273,0.000192418703097941,0.0208199011285332,6,1,0.338863498524292,300,1300,2596,3.99384615384615,90,4.17148220524664,0.0130969554323893,8,0.00307455439095162,-0.064914335728766,4.17148220524664,345,3
906,2,125.508099760884,0.000180212650928095,0.00960013783811638,6,1,0.344964853879018,174,1300,2596,3.99384615384615,90,4.17148220524664,0.0130969554323893,8,0.00307455439095162,-0.064914335728766,4.17148220524664,345,3
907,2,491.521414362539,0.000182381907714755,0.0119829718496576,6,1,0.340410985741628,195,1300,2596,3.99384615384615,90,4.17148220524664,0.0130969554323893,8,0.00307455439095162,-0.064914335728766,4.17148220524664,345,3
908,3,170.893215915815,0.000161838485191779,0.00241845734115139,7,1,0.439679359663585,102,1300,2596,3.99384615384615,90,4.17148220524664,0.0130969554323893,8,0.00307455439095162,-0.064914335728766,4.17148220524664,345,3
909,3,479.659487438087,0.000176740897843761,0.010912573577356,7,1,0.434367674013324,298,1300,2596,3.99384615384615,90,4.17148220524664,0.0130969554323893,8,0.00307455439095162,-0.064914335728766,4.17148220524664,345,3
910,2,117.214078513769,0.000191350937619594,0.0160729089929278,6,1,0.340211913210956,275,1300,2596,3.99384615384615,90,4.17148220524664,0.0130969554323893,8,0.00307455439095162,-0.064914335728766,4.17148220524664,345,3
911,3,61.6047733755338,0.000177147918511957,0.0094082598414178,6,1,0.433998129302169,310,1300,2596,3.99384615384615,90,4.17148220524664,0.0130969554323893,8,0.00307455439095162,-0.064914335728766,4.17148220524664,345,3
912,2,204.508049626182,0.000162284972411555,0.00262370881061055,7,1,0.347840816003787,90,1300,2596,3.99384615384615,90,4.17148220524664,0.0130969554323893,8,0.00307455439095162,-0.064914335728766,4.17148220524664,345,3
913,3,425.56888714093,0.000168010752688172,0.00437649688888284,6,1,0.429533044030026,170,1300,2596,3.99384615384615,90,4.17148220524664,0.0130969554323893,8,0.00307455439095162,-0.064914335728766,4.17148220524664,345,3
914,2,155.037323236208,0.000150195253829979,0.00092729426701139,7,1,0.357486731155725,45,1300,2596,3.99384615384615,90,4.17148220524664,0.0130969554323893,8,0.00307455439095162,-0.064914335728766,4.17148220524664,345,3
915,2,395.126278830888,0.000175377060680463,0.00876985668596619,7,1,0.356650835648023,142,1300,2596,3.99384615384615,90,4.17148220524664,0.0130969554323893,8,0.00307455439095162,-0.064914335728766,4.17148220524664,345,3
916,2,257.676367499491,0.000199560965875075,0.043900805262779,6,1,0.3404855254846,379,1300,2596,3.99384615384615,90,4.17148220524664,0.0130969554323893,8,0.00307455439095162,-0.064914335728766,4.17148220524664,345,3
917,2,45.2770562770563,0.000152835090936879,0.00173203464593654,7,1,0.368978043175826,19,1300,2596,3.99384615384615,90,4.17148220524664,0.0130969554323893,8,0.00307455439095162,-0.064914335728766,4.17148220524664,345,3
918,2,55.660230752457,0.000172890733056708,0.00679608486101564,6,1,0.356532462078062,121,1300,2596,3.99384615384615,90,4.17148220524664,0.0130969554323893,8,0.00307455439095162,-0.064914335728766,4.17148220524664,345,3
919,2,199.353912027372,0.000181422351233672,0.00866308312652372,6,1,0.343067967766816,160,1300,2596,3.99384615384615,90,4.17148220524664,0.0130969554323893,8,0.00307455439095162,-0.064914335728766,4.17148220524664,345,3
920,2,95.184087658576,0.000149209191286183,0.00136862606530578,7,1,0.373397101675167,30,1300,2596,3.99384615384615,90,4.17148220524664,0.0130969554323893,8,0.00307455439095162,-0.064914335728766,4.17148220524664,345,3
921,2,182.298011280945,0.000218245307725884,0.0809502554842435,6,1,0.341867937075825,713,1300,2596,3.99384615384615,90,4.17148220524664,0.0130969554323893,8,0.00307455439095162,-0.064914335728766,4.17148220524664,345,3
922,2,123.590069245937,0.000154273372415921,0.00165542732976766,7,1,0.360543605228169,38,1300,2596,3.99384615384615,90,4.17148220524664,0.0130969554323893,8,0.00307455439095162,-0.064914335728766,4.17148220524664,345,3
923,2,46.8251268013034,0.000171939477303989,0.00924878593303807,7,1,0.360459706356052,113,1300,2596,3.99384615384615,90,4.17148220524664,0.0130969554323893,8,0.00307455439095162,-0.064914335728766,4.17148220524664,345,3
924,2,104.993957540169,0.000186601977980967,0.0219122463966356,6,1,0.339987137108788,222,1300,2596,3.99384615384615,90,4.17148220524664,0.0130969554323893,8,0.00307455439095162,-0.064914335728766,4.17148220524664,345,3
925,2,32.9336894100052,0.000158127767235927,0.00237389498612034,7,1,0.361475631741622,37,1300,2596,3.99384615384615,90,4.17148220524664,0.0130969554323893,8,0.00307455439095162,-0.064914335728766,4.17148220524664,345,3
926,2,162.701277726032,0.000163773337700622,0.00456537641415977,7,1,0.350459325517161,71,1300,2596,3.99384615384615,90,4.17148220524664,0.0130969554323893,8,0.00307455439095162,-0.064914335728766,4.17148220524664,345,3
927,3,487.879322797855,0.000185116623472788,0.0139819481205035,6,1,0.428888857330618,428,1300,2596,3.99384615384615,90,4.17148220524664,0.0130969554323893,8,0.00307455439095162,-0.064914335728766,4.17148220524664,345,3
928,2,295.905654412787,0.000185253797702853,0.0151176840370085,6,1,0.338495922066268,210,1300,2596,3.99384615384615,90,4.17148220524664,0.0130969554323893,8,0.00307455439095162,-0.064914335728766,4.17148220524664,345,3
929,2,68.0844255850096,0.000182748538011696,0.0124716608104136,6,1,0.346810100418421,182,1300,2596,3.99384615384615,90,4.17148220524664,0.0130969554323893,8,0.00307455439095162,-0.064914335728766,4.17148220524664,345,3
930,3,945.041436405992,0.000185253797702853,0.0168905446288777,6,1,0.43887204004537,446,1300,2596,3.99384615384615,90,4.17148220524664,0.0130969554323893,8,0.00307455439095162,-0.064914335728766,4.17148220524664,345,3
931,3,674.254833555347,0.000153045607591062,0.00122479809707064,7,1,0.449309600259648,62,1300,2596,3.99384615384615,90,4.17148220524664,0.0130969554323893,8,0.00307455439095162,-0.064914335728766,4.17148220524664,345,3
932,2,376.235000212207,0.000170998632010944,0.00855464868065532,7,1,0.361987951675566,107,1300,2596,3.99384615384615,90,4.17148220524664,0.0130969554323893,8,0.00307455439095162,-0.064914335728766,4.17148220524664,345,3
933,2,40.225382950383,0.000178731009830206,0.0117205875297562,6,1,0.354749939766609,173,1300,2596,3.99384615384615,90,4.17148220524664,0.0130969554323893,8,0.00307455439095162,-0.064914335728766,4.17148220524664,345,3
934,2,566.013647277032,0.000219010074463425,0.0769621360208167,5,1,0.345164946117898,724,1300,2596,3.99384615384615,90,4.17148220524664,0.0130969554323893,8,0.00307455439095162,-0.064914335728766,4.17148220524664,345,3
935,2,80.7293185931824,0.000177116542685087,0.0134385512531986,7,1,0.344211442403179,166,1300,2596,3.99384615384615,90,4.17148220524664,0.0130969554323893,8,0.00307455439095162,-0.064914335728766,4.17148220524664,345,3
936,2,61.2310217073375,0.000153022188217292,0.00155644040100522,7,1,0.361211245499705,31,1300,2596,3.99384615384615,90,4.17148220524664,0.0130969554323893,8,0.00307455439095162,-0.064914335728766,4.17148220524664,345,3
937,3,888.955884436166,0.000166112956810631,0.00396096210471698,7,1,0.452715610525418,150,1300,2596,3.99384615384615,90,4.17148220524664,0.0130969554323893,8,0.00307455439095162,-0.064914335728766,4.17148220524664,345,3
938,2,618.110961410611,0.000201450443190975,0.0287777891612602,6,1,0.337815524014362,416,1300,2596,3.99384615384615,90,4.17148220524664,0.0130969554323893,8,0.00307455439095162,-0.064914335728766,4.17148220524664,345,3
939,2,136.614250757493,0.000161629222563439,0.00239645197919609,7,1,0.359955787570972,65,1300,2596,3.99384615384615,90,4.17148220524664,0.0130969554323893,8,0.00307455439095162,-0.064914335728766,4.17148220524664,345,3
940,2,0,0.000146455770357352,0.000725837031149476,7,1,0.353638455173686,26,1300,2596,3.99384615384615,90,4.17148220524664,0.0130969554323893,8,0.00307455439095162,-0.064914335728766,4.17148220524664,345,3
941,2,136.349027760838,0.000191497510532363,0.0234789036690693,6,1,0.342878046791193,308,1300,2596,3.99384615384615,90,4.17148220524664,0.0130969554323893,8,0.00307455439095162,-0.064914335728766,4.17148220524664,345,3
942,3,637.003353900763,0.000218054949847362,0.0987747710180968,6,1,0.418082951205003,1338,1300,2596,3.99384615384615,90,4.17148220524664,0.0130969554323893,8,0.00307455439095162,-0.064914335728766,4.17148220524664,345,3
943,2,5.59007936507937,0.000179888469149128,0.01248078450216,6,1,0.360735155986812,172,1300,2596,3.99384615384615,90,4.17148220524664,0.0130969554323893,8,0.00307455439095162,-0.064914335728766,4.17148220524664,345,3
944,2,113.152974231651,0.000185666542888971,0.0183100680306766,6,1,0.347158756551196,229,1300,2596,3.99384615384615,90,4.17148220524664,0.0130969554323893,8,0.00307455439095162,-0.064914335728766,4.17148220524664,345,3
945,3,962.898387326427,0.00018807598269701,0.0181211020241688,6,1,0.4189348392157,478,1300,2596,3.99384615384615,90,4.17148220524664,0.0130969554323893,8,0.00307455439095162,-0.064914335728766,4.17148220524664,345,3
946,3,278.672272782257,0.000154679040989946,0.00168514738130261,7,1,0.457855593266183,56,1300,2596,3.99384615384615,90,4.17148220524664,0.0130969554323893,8,0.00307455439095162,-0.064914335728766,4.17148220524664,345,3
947,2,83.771750010906,0.000156764383132152,0.00247272475676225,7,1,0.354286013835873,54,1300,2596,3.99384615384615,90,4.17148220524664,0.0130969554323893,8,0.00307455439095162,-0.064914335728766,4.17148220524664,345,3
948,2,25.6244161883868,0.00017749378771743,0.0123645377209806,7,1,0.350754676977023,154,1300,2596,3.99384615384615,90,4.17148220524664,0.0130969554323893,8,0.00307455439095162,-0.064914335728766,4.17148220524664,345,3
949,2,378.182816126507,0.000176803394625177,0.00745530207862928,6,1,0.346206294724343,149,1300,2596,3.99384615384615,90,4.17148220524664,0.0130969554323893,8,0.00307455439095162,-0.064914335728766,4.17148220524664,345,3
950,2,0,0.0002322340919647,0.135225020372445,5,1,0.333725097415568,924,1300,2596,3.99384615384615,90,4.17148220524664,0.0130969554323893,8,0.00307455439095162,-0.064914335728766,4.17148220524664,345,3
951,3,1796.23210210716,0.000211416490486258,0.0528150562656331,5,1,0.429004139359963,1112,1300,2596,3.99384615384615,90,4.17148220524664,0.0130969554323893,8,0.00307455439095162,-0.064914335728766,4.17148220524664,345,3
952,2,115.398654999971,0.000156274417877793,0.00174641195390589,7,1,0.355854541485121,54,1300,2596,3.99384615384615,90,4.17148220524664,0.0130969554323893,8,0.00307455439095162,-0.064914335728766,4.17148220524664,345,3
953,2,88.7508896129055,0.000180701120346946,0.0209446152559977,6,1,0.342182430063549,183,1300,2596,3.99384615384615,90,4.17148220524664,0.0130969554323893,8,0.00307455439095162,-0.064914335728766,4.17148220524664,345,3
954,2,380.637633603713,0.000183553597650514,0.0122266421399719,6,1,0.34524009926972,207,1300,2596,3.99384615384615,90,4.17148220524664,0.0130969554323893,8,0.00307455439095162,-0.064914335728766,4.17148220524664,345,3
955,2,182.374535636586,0.000197511356903022,0.027723759372105,6,1,0.339505988792532,363,1300,2596,3.99384615384615,90,4.17148220524664,0.0130969554323893,8,0.00307455439095162,-0.064914335728766,4.17148220524664,345,3
956,2,18.3587301587302,0.000162179695102173,0.00298637956447413,7,1,0.358913950962226,53,1300,2596,3.99384615384615,90,4.17148220524664,0.0130969554323893,8,0.00307455439095162,-0.064914335728766,4.17148220524664,345,3
957,2,605.117392734619,0.000197706603400554,0.0241811612810717,6,1,0.345656452050723,368,1300,2596,3.99384615384615,90,4.17148220524664,0.0130969554323893,8,0.00307455439095162,-0.064914335728766,4.17148220524664,345,3
958,2,119.371981232562,0.000212449543233482,0.0555929966652533,5,1,0.342924160681664,584,1300,2596,3.99384615384615,90,4.17148220524664,0.0130969554323893,8,0.00307455439095162,-0.064914335728766,4.17148220524664,345,3
959,2,139.533763771327,0.000149745432764301,0.000858895113766983,7,1,0.360723637398791,38,1300,2596,3.99384615384615,90,4.17148220524664,0.0130969554323893,8,0.00307455439095162,-0.064914335728766,4.17148220524664,345,3
960,2,61.1483377733378,0.000155908949173683,0.00273778011142792,7,1,0.362093497449515,31,1300,2596,3.99384615384615,90,4.17148220524664,0.0130969554323893,8,0.00307455439095162,-0.064914335728766,4.17148220524664,345,3
961,3,177.06645430905,0.000164230579733946,0.00573999570083891,7,1,0.430324870534077,152,1300,2596,3.99384615384615,90,4.17148220524664,0.0130969554323893,8,0.00307455439095162,-0.064914335728766,4.17148220524664,345,3
962,2,66.5123584784328,0.000175808720112518,0.00973357748574119,7,1,0.350871362077708,150,1300,2596,3.99384615384615,90,4.17148220524664,0.0130969554323893,8,0.00307455439095162,-0.064914335728766,4.17148220524664,345,3
963,2,532.225821471408,0.000181290790427846,0.0122043886319701,6,1,0.353289813222642,187,1300,2596,3.99384615384615,90,4.17148220524664,0.0130969554323893,8,0.00307455439095162,-0.064914335728766,4.17148220524664,345,3
964,4,385.27132870569,0.000160282096489822,0.00265186033569782,7,1,0.533335598047348,135,1300,2596,3.99384615384615,90,4.17148220524664,0.0130969554323893,8,0.00307455439095162,-0.064914335728766,4.17148220524664,345,3
965,2,234.074382535268,0.000176180408738548,0.00830132886672514,7,1,0.353184893150671,111,1300,2596,3.99384615384615,90,4.17148220524664,0.0130969554323893,8,0.00307455439095162,-0.064914335728766,4.17148220524664,345,3
966,2,14.518204018204,0.000157158573000157,0.00221632613729877,7,1,0.356053566557528,65,1300,2596,3.99384615384615,90,4.17148220524664,0.0130969554323893,8,0.00307455439095162,-0.064914335728766,4.17148220524664,345,3
967,3,1445.3856715589,0.000190912562046583,0.0219122855694713,6,1,0.423819971789032,560,1300,2596,3.99384615384615,90,4.17148220524664,0.0130969554323893,8,0.00307455439095162,-0.064914335728766,4.17148220524664,345,3
968,2,48.2465053478565,0.000162127107652399,0.00330965094349869,7,1,0.352447273830316,63,1300,2596,3.99384615384615,90,4.17148220524664,0.0130969554323893,8,0.00307455439095162,-0.064914335728766,4.17148220524664,345,3
969,2,198.140386037502,0.000176429075511644,0.00567892976788712,7,1,0.344019999705148,144,1300,2596,3.99384615384615,90,4.17148220524664,0.0130969554323893,8,0.00307455439095162,-0.064914335728766,4.17148220524664,345,3
970,2,185.444990183983,0.000175870559268378,0.00918109385632552,7,1,0.353854922149953,130,1300,2596,3.99384615384615,90,4.17148220524664,0.0130969554323893,8,0.00307455439095162,-0.064914335728766,4.17148220524664,345,3
971,2,139.712029432216,0.000147492625368732,0.000890896076260161,7,1,0.35594549275071,31,1300,2596,3.99384615384615,90,4.17148220524664,0.0130969554323893,8,0.00307455439095162,-0.064914335728766,4.17148220524664,345,3
972,2,748.622470854104,0.000211059518784297,0.0520029323895241,5,1,0.34452044919889,549,1300,2596,3.99384615384615,90,4.17148220524664,0.0130969554323893,8,0.00307455439095162,-0.064914335728766,4.17148220524664,345,3
973,2,179.067119788433,0.000182581705313128,0.01531423646933,6,1,0.340575198315754,205,1300,2596,3.99384615384615,90,4.17148220524664,0.0130969554323893,8,0.00307455439095162,-0.064914335728766,4.17148220524664,345,3
974,3,828.310866046659,0.000166417041105009,0.00417721602025402,7,1,0.442418389919544,194,1300,2596,3.99384615384615,90,4.17148220524664,0.0130969554323893,8,0.00307455439095162,-0.064914335728766,4.17148220524664,345,3
975,2,159.956888715403,0.000157952930026852,0.0023086587318634,7,1,0.35484134660699,54,1300,2596,3.99384615384615,90,4.17148220524664,0.0130969554323893,8,0.00307455439095162,-0.064914335728766,4.17148220524664,345,3
976,2,68.928075901322,0.000156372165754496,0.00172525983415998,7,1,0.365815130884827,32,1300,2596,3.99384615384615,90,4.17148220524664,0.0130969554323893,8,0.00307455439095162,-0.064914335728766,4.17148220524664,345,3
977,2,226.403376091536,0.000179340028694405,0.0119291210452167,6,1,0.345723623290409,178,1300,2596,3.99384615384615,90,4.17148220524664,0.0130969554323893,8,0.00307455439095162,-0.064914335728766,4.17148220524664,345,3
978,2,62.5351202431227,0.000156641604010025,0.00204196298666964,7,1,0.358347374587576,39,1300,2596,3.99384615384615,90,4.17148220524664,0.0130969554323893,8,0.00307455439095162,-0.064914335728766,4.17148220524664,345,3
979,2,233.010020225732,0.000184162062615101,0.0144949802195474,6,1,0.34209922830937,218,1300,2596,3.99384615384615,90,4.17148220524664,0.0130969554323893,8,0.00307455439095162,-0.064914335728766,4.17148220524664,345,3
980,2,185.160601879724,0.000180538003249684,0.012405895761379,6,1,0.350041863469228,177,1300,2596,3.99384615384615,90,4.17148220524664,0.0130969554323893,8,0.00307455439095162,-0.064914335728766,4.17148220524664,345,3
981,4,1003.03711184338,0.000156641604010025,0.00256777520767822,7,1,0.537223410887728,114,1300,2596,3.99384615384615,90,4.17148220524664,0.0130969554323893,8,0.00307455439095162,-0.064914335728766,4.17148220524664,345,3
982,2,457.694042912426,0.000198609731876862,0.0355727380570563,6,1,0.347101204555934,381,1300,2596,3.99384615384615,90,4.17148220524664,0.0130969554323893,8,0.00307455439095162,-0.064914335728766,4.17148220524664,345,3
983,4,976.551486565052,0.000159362549800797,0.00242540181776098,7,1,0.531057185573114,153,1300,2596,3.99384615384615,90,4.17148220524664,0.0130969554323893,8,0.00307455439095162,-0.064914335728766,4.17148220524664,345,3
984,2,18.8593147049029,0.000176709666018731,0.0103828080939015,7,1,0.357274819195121,149,1300,2596,3.99384615384615,90,4.17148220524664,0.0130969554323893,8,0.00307455439095162,-0.064914335728766,4.17148220524664,345,3
985,3,148.584139170507,0.000184162062615101,0.013401505929974,6,1,0.42764764955769,412,1300,2596,3.99384615384615,90,4.17148220524664,0.0130969554323893,8,0.00307455439095162,-0.064914335728766,4.17148220524664,345,3
986,2,50.3188052688053,0.00015802781289507,0.00258590946427321,7,1,0.362558428870278,47,1300,2596,3.99384615384615,90,4.17148220524664,0.0130969554323893,8,0.00307455439095162,-0.064914335728766,4.17148220524664,345,3
987,2,194.923301126978,0.000182448458310527,0.00823423809145315,6,1,0.350737379578004,173,1300,2596,3.99384615384615,90,4.17148220524664,0.0130969554323893,8,0.00307455439095162,-0.064914335728766,4.17148220524664,345,3
988,2,418.344475917786,0.00017825311942959,0.00805476518179572,6,1,0.350918302134543,144,1300,2596,3.99384615384615,90,4.17148220524664,0.0130969554323893,8,0.00307455439095162,-0.064914335728766,4.17148220524664,345,3
989,3,583.557331469833,0.000187265917602996,0.0159962550301999,6,1,0.422399682723263,528,1300,2596,3.99384615384615,90,4.17148220524664,0.0130969554323893,8,0.00307455439095162,-0.064914335728766,4.17148220524664,345,3
990,2,115.983470143785,0.000164880461665293,0.00447011976492699,7,1,0.358783219620744,88,1300,2596,3.99384615384615,90,4.17148220524664,0.0130969554323893,8,0.00307455439095162,-0.064914335728766,4.17148220524664,345,3
991,2,179.267765155194,0.000185666542888971,0.0159514540273127,6,1,0.348323187956337,230,1300,2596,3.99384615384615,90,4.17148220524664,0.0130969554323893,8,0.00307455439095162,-0.064914335728766,4.17148220524664,345,3
992,2,46.065156962061,0.000163265306122449,0.00307136094889514,7,1,0.353639850517855,61,1300,2596,3.99384615384615,90,4.17148220524664,0.0130969554323893,8,0.00307455439095162,-0.064914335728766,4.17148220524664,345,3
993,3,138.256012884911,0.000164015089388224,0.00384745517986652,7,1,0.440616522917041,158,1300,2596,3.99384615384615,90,4.17148220524664,0.0130969554323893,8,0.00307455439095162,-0.064914335728766,4.17148220524664,345,3
994,2,0,0.000154464009885697,0.00277501779741971,7,1,0.353422323515457,37,1300,2596,3.99384615384615,90,4.17148220524664,0.0130969554323893,8,0.00307455439095162,-0.064914335728766,4.17148220524664,345,3
995,4,613.279118056559,0.000160076836881703,0.00331705022517215,7,1,0.521660936862974,204,1300,2596,3.99384615384615,90,4.17148220524664,0.0130969554323893,8,0.00307455439095162,-0.064914335728766,4.17148220524664,345,3
996,2,128.593971006772,0.000176087339320303,0.0076456442503035,6,1,0.353700046383556,123,1300,2596,3.99384615384615,90,4.17148220524664,0.0130969554323893,8,0.00307455439095162,-0.064914335728766,4.17148220524664,345,3
997,2,274.468599444331,0.000191828122002686,0.0248429195680611,6,1,0.339725106249247,306,1300,2596,3.99384615384615,90,4.17148220524664,0.0130969554323893,8,0.00307455439095162,-0.064914335728766,4.17148220524664,345,3
998,3,106.513343994551,0.000172443524745646,0.0125269186870159,6,1,0.431820810114638,214,1300,2596,3.99384615384615,90,4.17148220524664,0.0130969554323893,8,0.00307455439095162,-0.064914335728766,4.17148220524664,345,3
999,2,325.662194831091,0.000176991150442478,0.0082610095546211,6,1,0.343813678873593,136,1300,2596,3.99384615384615,90,4.17148220524664,0.0130969554323893,8,0.00307455439095162,-0.064914335728766,4.17148220524664,345,3
1000,2,40.1817284023167,0.000178858880343409,0.0116548191890484,6,1,0.357409026197857,169,1300,2596,3.99384615384615,90,4.17148220524664,0.0130969554323893,8,0.00307455439095162,-0.064914335728766,4.17148220524664,345,3
1001,2,185.519234415152,0.000188040616773223,0.0200826710090871,6,1,0.342607291634878,263,1300,2596,3.99384615384615,90,4.17148220524664,0.0130969554323893,8,0.00307455439095162,-0.064914335728766,4.17148220524664,345,3
1002,2,915.020702220374,0.000202880908906472,0.0373051000868035,6,1,0.338621998109182,422,1300,2596,3.99384615384615,90,4.17148220524664,0.0130969554323893,8,0.00307455439095162,-0.064914335728766,4.17148220524664,345,3
1003,3,324.250962805948,0.000182215743440233,0.00898767306316865,6,1,0.419635630340932,352,1300,2596,3.99384615384615,90,4.17148220524664,0.0130969554323893,8,0.00307455439095162,-0.064914335728766,4.17148220524664,345,3
1004,2,0,0.000169894665307509,0.00655757696264543,6,1,0.349021537047982,93,1300,2596,3.99384615384615,90,4.17148220524664,0.0130969554323893,8,0.00307455439095162,-0.064914335728766,4.17148220524664,345,3
1005,2,95.8370235763903,0.000171115674195756,0.00793444465142667,7,1,0.35047949569317,129,1300,2596,3.99384615384615,90,4.17148220524664,0.0130969554323893,8,0.00307455439095162,-0.064914335728766,4.17148220524664,345,3
1006,2,151.924357586858,0.000188679245283019,0.0135383649772233,6,1,0.34833655503981,228,1300,2596,3.99384615384615,90,4.17148220524664,0.0130969554323893,8,0.00307455439095162,-0.064914335728766,4.17148220524664,345,3
1007,2,0,0.000153491941673062,0.00231914241509886,7,1,0.353818896655533,36,1300,2596,3.99384615384615,90,4.17148220524664,0.0130969554323893,8,0.00307455439095162,-0.064914335728766,4.17148220524664,345,3
1008,2,55.91519923983,0.000151722045213169,0.00161582846321631,7,1,0.3658361303286,22,1300,2596,3.99384615384615,90,4.17148220524664,0.0130969554323893,8,0.00307455439095162,-0.064914335728766,4.17148220524664,345,3
1009,2,48.2547162024135,0.000142877553936277,0.000554680150816013,7,1,0.374501438321846,12,1300,2596,3.99384615384615,90,4.17148220524664,0.0130969554323893,8,0.00307455439095162,-0.064914335728766,4.17148220524664,345,3
1010,3,228.9393092116,0.000160282096489822,0.00384621627874025,7,1,0.437323343539795,90,1300,2596,3.99384615384615,90,4.17148220524664,0.0130969554323893,8,0.00307455439095162,-0.064914335728766,4.17148220524664,345,3
1011,6,1121.16016684225,0.000182581705313128,0.0165843708202485,6,1,0.666766137576958,1050,1300,2596,3.99384615384615,90,4.17148220524664,0.0130969554323893,8,0.00307455439095162,-0.064914335728766,4.17148220524664,345,3
1012,2,243.809291947751,0.000174428745857317,0.00829787996833847,6,1,0.350466870678491,122,1300,2596,3.99384615384615,90,4.17148220524664,0.0130969554323893,8,0.00307455439095162,-0.064914335728766,4.17148220524664,345,3
1013,2,122.363791192468,0.000152765047357165,0.00148705555892226,7,1,0.356619900053437,45,1300,2596,3.99384615384615,90,4.17148220524664,0.0130969554323893,8,0.00307455439095162,-0.064914335728766,4.17148220524664,345,3
1014,2,173.488749970171,0.000171614896172988,0.00588266868618565,6,1,0.355216709129074,101,1300,2596,3.99384615384615,90,4.17148220524664,0.0130969554323893,8,0.00307455439095162,-0.064914335728766,4.17148220524664,345,3
1015,2,629.262145800465,0.000175254118471784,0.0112163136393825,6,1,0.350897738406816,143,1300,2596,3.99384615384615,90,4.17148220524664,0.0130969554323893,8,0.00307455439095162,-0.064914335728766,4.17148220524664,345,3
1016,2,226.569562010365,0.00016926201760325,0.00617050977012769,7,1,0.345430351151371,84,1300,2596,3.99384615384615,90,4.17148220524664,0.0130969554323893,8,0.00307455439095162,-0.064914335728766,4.17148220524664,345,3
1017,2,45.5115891120899,0.000186428038777032,0.0150691820338402,6,1,0.349407457422967,226,1300,2596,3.99384615384615,90,4.17148220524664,0.0130969554323893,8,0.00307455439095162,-0.064914335728766,4.17148220524664,345,3
1018,2,240.43746896301,0.000198373338623289,0.0255609004625843,6,1,0.346105954374209,378,1300,2596,3.99384615384615,90,4.17148220524664,0.0130969554323893,8,0.00307455439095162,-0.064914335728766,4.17148220524664,345,3
1019,2,72.1503051174468,0.000158881474420083,0.00312232757905608,7,1,0.349930603721921,39,1300,2596,3.99384615384615,90,4.17148220524664,0.0130969554323893,8,0.00307455439095162,-0.064914335728766,4.17148220524664,345,3
1020,2,624.306789210942,0.000217864923747277,0.0869273082337128,5,1,0.341979355537221,686,1300,2596,3.99384615384615,90,4.17148220524664,0.0130969554323893,8,0.00307455439095162,-0.064914335728766,4.17148220524664,345,3
1021,2,1307.31535232966,0.000198649185538339,0.0345235150455086,6,1,0.349573063563203,372,1300,2596,3.99384615384615,90,4.17148220524664,0.0130969554323893,8,0.00307455439095162,-0.064914335728766,4.17148220524664,345,3
1022,2,646.722046828483,0.000199920031987205,0.0267737602229514,6,1,0.340605707794757,397,1300,2596,3.99384615384615,90,4.17148220524664,0.0130969554323893,8,0.00307455439095162,-0.064914335728766,4.17148220524664,345,3
1023,3,322.105535493404,0.000175438596491228,0.00931607399249464,7,1,0.435244450878528,254,1300,2596,3.99384615384615,90,4.17148220524664,0.0130969554323893,8,0.00307455439095162,-0.064914335728766,4.17148220524664,345,3
1024,4,391.357445319106,0.000165016501650165,0.00324321842706218,6,1,0.520401317229485,210,1300,2596,3.99384615384615,90,4.17148220524664,0.0130969554323893,8,0.00307455439095162,-0.064914335728766,4.17148220524664,345,3
1025,2,110.664409423587,0.000163318634656214,0.00342269509504723,7,1,0.360374957932648,68,1300,2596,3.99384615384615,90,4.17148220524664,0.0130969554323893,8,0.00307455439095162,-0.064914335728766,4.17148220524664,345,3
1026,2,141.28114857646,0.000173100225030293,0.00540612979398044,7,1,0.348420863783058,134,1300,2596,3.99384615384615,90,4.17148220524664,0.0130969554323893,8,0.00307455439095162,-0.064914335728766,4.17148220524664,345,3
1027,3,797.137644320128,0.000197667523225934,0.0258098922242043,6,1,0.4323694159551,738,1300,2596,3.99384615384615,90,4.17148220524664,0.0130969554323893,8,0.00307455439095162,-0.064914335728766,4.17148220524664,345,3
1028,2,81.7306890463001,0.000142734798743934,0.000653397913030084,8,1,0.369076791014799,18,1300,2596,3.99384615384615,90,4.17148220524664,0.0130969554323893,8,0.00307455439095162,-0.064914335728766,4.17148220524664,345,3
1029,2,116.637610836875,0.000146477222791856,0.000644563205601623,8,1,0.363890713390842,25,1300,2596,3.99384615384615,90,4.17148220524664,0.0130969554323893,8,0.00307455439095162,-0.064914335728766,4.17148220524664,345,3
1030,5,1037.12071769681,0.000185356811862836,0.022315629918544,6,1,0.587426782769573,936,1300,2596,3.99384615384615,90,4.17148220524664,0.0130969554323893,8,0.00307455439095162,-0.064914335728766,4.17148220524664,345,3
1031,3,663.21745581583,0.000190621425848265,0.0183806456893187,6,1,0.418328670601866,540,1300,2596,3.99384615384615,90,4.17148220524664,0.0130969554323893,8,0.00307455439095162,-0.064914335728766,4.17148220524664,345,3
1032,2,213.968172612561,0.000185288123031314,0.0188622276159789,6,1,0.351513207672273,224,1300,2596,3.99384615384615,90,4.17148220524664,0.0130969554323893,8,0.00307455439095162,-0.064914335728766,4.17148220524664,345,3
1033,2,74.8806204413221,0.000155545185876497,0.00170157373242652,7,1,0.36433410712397,28,1300,2596,3.99384615384615,90,4.17148220524664,0.0130969554323893,8,0.00307455439095162,-0.064914335728766,4.17148220524664,345,3
1034,2,137.782926970117,0.000159413358839471,0.0019154988663096,7,1,0.356350035327126,69,1300,2596,3.99384615384615,90,4.17148220524664,0.0130969554323893,8,0.00307455439095162,-0.064914335728766,4.17148220524664,345,3
1035,2,332.083564825343,0.000211059518784297,0.0518008326943818,5,1,0.346727909263285,544,1300,2596,3.99384615384615,90,4.17148220524664,0.0130969554323893,8,0.00307455439095162,-0.064914335728766,4.17148220524664,345,3
1036,2,66.8812870696385,0.000171556013038257,0.0076920001444439,6,1,0.354101727182562,119,1300,2596,3.99384615384615,90,4.17148220524664,0.0130969554323893,8,0.00307455439095162,-0.064914335728766,4.17148220524664,345,3
1037,3,900.397243211161,0.000162813415825464,0.00274478659295651,7,1,0.44659602433176,136,1300,2596,3.99384615384615,90,4.17148220524664,0.0130969554323893,8,0.00307455439095162,-0.064914335728766,4.17148220524664,345,3
1038,2,369.016642688237,0.000197316495659037,0.0245536940172393,6,1,0.350115458511963,361,1300,2596,3.99384615384615,90,4.17148220524664,0.0130969554323893,8,0.00307455439095162,-0.064914335728766,4.17148220524664,345,3
1039,2,64.6679559604482,0.000160642570281124,0.00234175095074121,7,1,0.359143821966919,55,1300,2596,3.99384615384615,90,4.17148220524664,0.0130969554323893,8,0.00307455439095162,-0.064914335728766,4.17148220524664,345,3
1040,2,135.443311629031,0.000198019801980198,0.0410679226104291,6,1,0.346664644559064,365,1300,2596,3.99384615384615,90,4.17148220524664,0.0130969554323893,8,0.00307455439095162,-0.064914335728766,4.17148220524664,345,3
1041,2,536.333303072765,0.000191131498470948,0.0136102465537192,6,1,0.341861955790968,253,1300,2596,3.99384615384615,90,4.17148220524664,0.0130969554323893,8,0.00307455439095162,-0.064914335728766,4.17148220524664,345,3
1042,2,34.856525258961,0.000170444861087438,0.00653762537204437,6,1,0.359698345710705,110,1300,2596,3.99384615384615,90,4.17148220524664,0.0130969554323893,8,0.00307455439095162,-0.064914335728766,4.17148220524664,345,3
1043,2,91.9166298884481,0.000151906425641805,0.00164239590240755,7,1,0.358768513585366,42,1300,2596,3.99384615384615,90,4.17148220524664,0.0130969554323893,8,0.00307455439095162,-0.064914335728766,4.17148220524664,345,3
1044,3,1645.19602495544,0.000218770509735288,0.0778345739746914,6,1,0.429398779607413,1462,1300,2596,3.99384615384615,90,4.17148220524664,0.0130969554323893,8,0.00307455439095162,-0.064914335728766,4.17148220524664,345,3
1045,2,111.127270106355,0.000168662506324844,0.00524271202503149,6,1,0.360257177581173,92,1300,2596,3.99384615384615,90,4.17148220524664,0.0130969554323893,8,0.00307455439095162,-0.064914335728766,4.17148220524664,345,3
1046,2,628.30027588418,0.000211416490486258,0.0518155811659412,5,1,0.344316851512512,555,1300,2596,3.99384615384615,90,4.17148220524664,0.0130969554323893,8,0.00307455439095162,-0.064914335728766,4.17148220524664,345,3
1047,2,238.88674359241,0.000175131348511384,0.0092271337395403,7,1,0.349196302669572,141,1300,2596,3.99384615384615,90,4.17148220524664,0.0130969554323893,8,0.00307455439095162,-0.064914335728766,4.17148220524664,345,3
1048,2,131.448267503275,0.000164230579733946,0.00327997038203136,7,1,0.353648462759877,82,1300,2596,3.99384615384615,90,4.17148220524664,0.0130969554323893,8,0.00307455439095162,-0.064914335728766,4.17148220524664,345,3
1049,2,396.285691797872,0.000179629962277708,0.0102012733634673,6,1,0.354848741089139,176,1300,2596,3.99384615384615,90,4.17148220524664,0.0130969554323893,8,0.00307455439095162,-0.064914335728766,4.17148220524664,345,3
1050,2,147.832737708935,0.000163961305131989,0.00411276464063713,6,1,0.352870631331655,62,1300,2596,3.99384615384615,90,4.17148220524664,0.0130969554323893,8,0.00307455439095162,-0.064914335728766,4.17148220524664,345,3
1051,2,372.478583958489,0.000181653042688465,0.0124347710239375,6,1,0.354644057072005,177,1300,2596,3.99384615384615,90,4.17148220524664,0.0130969554323893,8,0.00307455439095162,-0.064914335728766,4.17148220524664,345,3
1052,4,823.151972261898,0.000156739811912226,0.00192995476396776,7,1,0.533067384806373,129,1300,2596,3.99384615384615,90,4.17148220524664,0.0130969554323893,8,0.00307455439095162,-0.064914335728766,4.17148220524664,345,3
1053,2,451.704981474246,0.000216497077289457,0.0867724488832902,6,1,0.345962403994779,656,1300,2596,3.99384615384615,90,4.17148220524664,0.0130969554323893,8,0.00307455439095162,-0.064914335728766,4.17148220524664,345,3
1054,3,328.908656202553,0.000181983621474067,0.0133238659704571,6,1,0.420314147156407,350,1300,2596,3.99384615384615,90,4.17148220524664,0.0130969554323893,8,0.00307455439095162,-0.064914335728766,4.17148220524664,345,3
1055,2,33.8311504306066,0.000174094707520891,0.00935687978834352,7,1,0.351358299938472,115,1300,2596,3.99384615384615,90,4.17148220524664,0.0130969554323893,8,0.00307455439095162,-0.064914335728766,4.17148220524664,345,3
1056,2,255.290202895983,0.000150037509377344,0.000895467767252631,7,1,0.359223269847177,48,1300,2596,3.99384615384615,90,4.17148220524664,0.0130969554323893,8,0.00307455439095162,-0.064914335728766,4.17148220524664,345,3
1057,4,1574.49702042869,0.000201005025125628,0.0389893940103338,6,1,0.502645433292496,1194,1300,2596,3.99384615384615,90,4.17148220524664,0.0130969554323893,8,0.00307455439095162,-0.064914335728766,4.17148220524664,345,3
1058,2,52.8404230361429,0.000154846701765252,0.00233877703825073,7,1,0.365107205260436,44,1300,2596,3.99384615384615,90,4.17148220524664,0.0130969554323893,8,0.00307455439095162,-0.064914335728766,4.17148220524664,345,3
1059,2,101.351905324289,0.00016121231662099,0.00339401616174818,7,1,0.35219683313183,69,1300,2596,3.99384615384615,90,4.17148220524664,0.0130969554323893,8,0.00307455439095162,-0.064914335728766,4.17148220524664,345,3
1060,2,23.1956630643702,0.000183722212015433,0.0188641814339359,6,1,0.345486289572016,216,1300,2596,3.99384615384615,90,4.17148220524664,0.0130969554323893,8,0.00307455439095162,-0.064914335728766,4.17148220524664,345,3
1061,2,117.788472324721,0.000190876121397213,0.0218387899902171,6,1,0.340005273113451,290,1300,2596,3.99384615384615,90,4.17148220524664,0.0130969554323893,8,0.00307455439095162,-0.064914335728766,4.17148220524664,345,3
1062,2,175.000481348319,0.000172176308539945,0.00735197638268171,6,1,0.353323410152012,107,1300,2596,3.99384615384615,90,4.17148220524664,0.0130969554323893,8,0.00307455439095162,-0.064914335728766,4.17148220524664,345,3
1063,2,290.571523370605,0.000160978750804894,0.00180919050396694,7,1,0.350753350066097,69,1300,2596,3.99384615384615,90,4.17148220524664,0.0130969554323893,8,0.00307455439095162,-0.064914335728766,4.17148220524664,345,3
1064,2,139.143855568236,0.000161368404066484,0.00409600678492819,7,1,0.363559621553674,64,1300,2596,3.99384615384615,90,4.17148220524664,0.0130969554323893,8,0.00307455439095162,-0.064914335728766,4.17148220524664,345,3
1065,2,210.766987000501,0.000170852554245686,0.00525053778614344,6,1,0.356030638923234,96,1300,2596,3.99384615384615,90,4.17148220524664,0.0130969554323893,8,0.00307455439095162,-0.064914335728766,4.17148220524664,345,3
1066,2,50.056550802139,0.000156641604010025,0.00190571029034198,7,1,0.364400439451292,26,1300,2596,3.99384615384615,90,4.17148220524664,0.0130969554323893,8,0.00307455439095162,-0.064914335728766,4.17148220524664,345,3
1067,2,68.7561686679334,0.000173310225303293,0.00840396224159189,6,1,0.361127403874208,99,1300,2596,3.99384615384615,90,4.17148220524664,0.0130969554323893,8,0.00307455439095162,-0.064914335728766,4.17148220524664,345,3
1068,2,3.83333333333333,0.000172176308539945,0.0165296221227947,7,1,0.354001075214613,119,1300,2596,3.99384615384615,90,4.17148220524664,0.0130969554323893,8,0.00307455439095162,-0.064914335728766,4.17148220524664,345,3
1069,3,209.871091587395,0.00015785319652723,0.00162499760148342,7,1,0.4504802166344,104,1300,2596,3.99384615384615,90,4.17148220524664,0.0130969554323893,8,0.00307455439095162,-0.064914335728766,4.17148220524664,345,3
1070,3,992.890646640961,0.000213219616204691,0.0538342631442991,5,1,0.422428471743822,1188,1300,2596,3.99384615384615,90,4.17148220524664,0.0130969554323893,8,0.00307455439095162,-0.064914335728766,4.17148220524664,345,3
1071,2,148.450820220588,0.000185942729639271,0.0149781733943178,6,1,0.342982107056203,231,1300,2596,3.99384615384615,90,4.17148220524664,0.0130969554323893,8,0.00307455439095162,-0.064914335728766,4.17148220524664,345,3
1072,3,555.162154583663,0.000195236235845373,0.0204439347456072,6,1,0.428346059184546,618,1300,2596,3.99384615384615,90,4.17148220524664,0.0130969554323893,8,0.00307455439095162,-0.064914335728766,4.17148220524664,345,3
1073,2,311.140362775685,0.000178890876565295,0.0109928835084513,6,1,0.344456300582137,181,1300,2596,3.99384615384615,90,4.17148220524664,0.0130969554323893,8,0.00307455439095162,-0.064914335728766,4.17148220524664,345,3
1074,2,345.221160088311,0.000161733786187935,0.00395095154727834,7,1,0.35010175732707,73,1300,2596,3.99384615384615,90,4.17148220524664,0.0130969554323893,8,0.00307455439095162,-0.064914335728766,4.17148220524664,345,3
1075,2,48.5596171421981,0.000184094256259205,0.0131707104173922,6,1,0.34651037657054,193,1300,2596,3.99384615384615,90,4.17148220524664,0.0130969554323893,8,0.00307455439095162,-0.064914335728766,4.17148220524664,345,3
1076,2,161.966693641506,0.000178762960314623,0.0128609632337278,6,1,0.351547320230797,168,1300,2596,3.99384615384615,90,4.17148220524664,0.0130969554323893,8,0.00307455439095162,-0.064914335728766,4.17148220524664,345,3
1077,3,127.78543589554,0.000161134386077989,0.00409264226731138,7,1,0.446668959217642,118,1300,2596,3.99384615384615,90,4.17148220524664,0.0130969554323893,8,0.00307455439095162,-0.064914335728766,4.17148220524664,345,3
1078,2,207.175269292179,0.000177999288002848,0.00758429061310019,6,1,0.343467420319128,157,1300,2596,3.99384615384615,90,4.17148220524664,0.0130969554323893,8,0.00307455439095162,-0.064914335728766,4.17148220524664,345,3
1079,2,74.5690436217768,0.000154750851129681,0.0015168606582848,7,1,0.358244271135524,33,1300,2596,3.99384615384615,90,4.17148220524664,0.0130969554323893,8,0.00307455439095162,-0.064914335728766,4.17148220524664,345,3
1080,2,60.9945757614369,0.000177619893428064,0.0092677507186187,6,1,0.343580252434491,158,1300,2596,3.99384615384615,90,4.17148220524664,0.0130969554323893,8,0.00307455439095162,-0.064914335728766,4.17148220524664,345,3
1081,2,611.751929393833,0.000219635405227323,0.0903075233687338,6,1,0.336518248296978,715,1300,2596,3.99384615384615,90,4.17148220524664,0.0130969554323893,8,0.00307455439095162,-0.064914335728766,4.17148220524664,345,3
1082,2,260.006172350049,0.000193535900909619,0.0212342775337544,6,1,0.341123398033159,318,1300,2596,3.99384615384615,90,4.17148220524664,0.0130969554323893,8,0.00307455439095162,-0.064914335728766,4.17148220524664,345,3
1083,2,123.828041329667,0.000182648401826484,0.0115332995700598,7,1,0.345934929946613,181,1300,2596,3.99384615384615,90,4.17148220524664,0.0130969554323893,8,0.00307455439095162,-0.064914335728766,4.17148220524664,345,3
1084,2,129.029166266834,0.000188501413760603,0.0185853888858463,6,1,0.34740239409824,253,1300,2596,3.99384615384615,90,4.17148220524664,0.0130969554323893,8,0.00307455439095162,-0.064914335728766,4.17148220524664,345,3
1085,2,912.967718770409,0.000216825672159584,0.0863322627420488,6,1,0.343168960381615,659,1300,2596,3.99384615384615,90,4.17148220524664,0.0130969554323893,8,0.00307455439095162,-0.064914335728766,4.17148220524664,345,3
1086,3,551.17788149392,0.000183621006243114,0.0144336083068092,6,1,0.421897201215706,410,1300,2596,3.99384615384615,90,4.17148220524664,0.0130969554323893,8,0.00307455439095162,-0.064914335728766,4.17148220524664,345,3
1087,2,295.054903305329,0.000179115171054988,0.00731507804269293,6,1,0.349974276335373,149,1300,2596,3.99384615384615,90,4.17148220524664,0.0130969554323893,8,0.00307455439095162,-0.064914335728766,4.17148220524664,345,3
1088,2,55.7077598221639,0.000174185681936945,0.00829450665345909,6,1,0.349215660154994,132,1300,2596,3.99384615384615,90,4.17148220524664,0.0130969554323893,8,0.00307455439095162,-0.064914335728766,4.17148220524664,345,3
1089,2,184.618875748995,0.000155327741534638,0.00149698994320918,7,1,0.357538300758978,50,1300,2596,3.99384615384615,90,4.17148220524664,0.0130969554323893,8,0.00307455439095162,-0.064914335728766,4.17148220524664,345,3
1090,2,97.9092381861345,0.000150920615756112,0.00132498712014179,7,1,0.373102169672428,22,1300,2596,3.99384615384615,90,4.17148220524664,0.0130969554323893,8,0.00307455439095162,-0.064914335728766,4.17148220524664,345,3
1091,2,445.422741825466,0.000182681768359518,0.0111049341761129,6,1,0.343007243738635,205,1300,2596,3.99384615384615,90,4.17148220524664,0.0130969554323893,8,0.00307455439095162,-0.064914335728766,4.17148220524664,345,3
1092,2,142.030889799718,0.000180212650928095,0.008457231381771,6,1,0.341960362562779,170,1300,2596,3.99384615384615,90,4.17148220524664,0.0130969554323893,8,0.00307455439095162,-0.064914335728766,4.17148220524664,345,3
1093,2,118.525400053246,0.000168690958164642,0.00521952317448009,6,1,0.361362329832244,86,1300,2596,3.99384615384615,90,4.17148220524664,0.0130969554323893,8,0.00307455439095162,-0.064914335728766,4.17148220524664,345,3
1094,2,0,0.000223613595706619,0.119285327882574,5,1,0.334496999069683,770,1300,2596,3.99384615384615,90,4.17148220524664,0.0130969554323893,8,0.00307455439095162,-0.064914335728766,4.17148220524664,345,3
1095,2,159.903129177586,0.000183519911910442,0.0140232543835877,6,1,0.348475348448033,205,1300,2596,3.99384615384615,90,4.17148220524664,0.0130969554323893,8,0.00307455439095162,-0.064914335728766,4.17148220524664,345,3
1096,3,270.684140119475,0.000177242112725984,0.0146442714751349,6,1,0.425286215556334,338,1300,2596,3.99384615384615,90,4.17148220524664,0.0130969554323893,8,0.00307455439095162,-0.064914335728766,4.17148220524664,345,3
1097,2,129.833781531399,0.000174672489082969,0.00732099163865582,6,1,0.350808034649889,137,1300,2596,3.99384615384615,90,4.17148220524664,0.0130969554323893,8,0.00307455439095162,-0.064914335728766,4.17148220524664,345,3
1098,2,327.4751383998,0.000172771250863856,0.00803670646596531,7,1,0.36241628902743,110,1300,2596,3.99384615384615,90,4.17148220524664,0.0130969554323893,8,0.00307455439095162,-0.064914335728766,4.17148220524664,345,3
1099,2,192.7369403439,0.000181061017562919,0.0109281500421573,6,1,0.348668102832918,186,1300,2596,3.99384615384615,90,4.17148220524664,0.0130969554323893,8,0.00307455439095162,-0.064914335728766,4.17148220524664,345,3
1100,2,128.924771246798,0.00015785319652723,0.00204433500527615,7,1,0.356823162459538,45,1300,2596,3.99384615384615,90,4.17148220524664,0.0130969554323893,8,0.00307455439095162,-0.064914335728766,4.17148220524664,345,3
1101,3,1115.05674663205,0.000186358553857622,0.015000535040453,6,1,0.421422715381251,460,1300,2596,3.99384615384615,90,4.17148220524664,0.0130969554323893,8,0.00307455439095162,-0.064914335728766,4.17148220524664,345,3
1102,2,43.4477263477263,0.000153846153846154,0.00271389949515865,7,1,0.358603251328691,37,1300,2596,3.99384615384615,90,4.17148220524664,0.0130969554323893,8,0.00307455439095162,-0.064914335728766,4.17148220524664,345,3
1103,2,96.9171108466697,0.000167448091091762,0.00474293375313861,6,1,0.368469937341204,79,1300,2596,3.99384615384615,90,4.17148220524664,0.0130969554323893,8,0.00307455439095162,-0.064914335728766,4.17148220524664,345,3
1104,2,107.167959677958,0.000185632077222944,0.0148298686417839,6,1,0.349896736950196,225,1300,2596,3.99384615384615,90,4.17148220524664,0.0130969554323893,8,0.00307455439095162,-0.064914335728766,4.17148220524664,345,3
1105,2,321.913990786748,0.000188323917137476,0.0164817068434576,6,1,0.34148531906515,249,1300,2596,3.99384615384615,90,4.17148220524664,0.0130969554323893,8,0.00307455439095162,-0.064914335728766,4.17148220524664,345,3
1106,3,1695.51547605201,0.000218818380743983,0.0775173293997951,6,1,0.429295701714925,1454,1300,2596,3.99384615384615,90,4.17148220524664,0.0130969554323893,8,0.00307455439095162,-0.064914335728766,4.17148220524664,345,3
1107,2,310.06222477195,0.000178380306814128,0.00781040401195847,7,1,0.348991718477959,129,1300,2596,3.99384615384615,90,4.17148220524664,0.0130969554323893,8,0.00307455439095162,-0.064914335728766,4.17148220524664,345,3
1108,2,858.655366694263,0.000177273533061514,0.0124340455977264,6,1,0.354179266020894,151,1300,2596,3.99384615384615,90,4.17148220524664,0.0130969554323893,8,0.00307455439095162,-0.064914335728766,4.17148220524664,345,3
1109,2,49.3211760461761,0.000161446561188247,0.00326898883761135,7,1,0.359886036928202,71,1300,2596,3.99384615384615,90,4.17148220524664,0.0130969554323893,8,0.00307455439095162,-0.064914335728766,4.17148220524664,345,3
1110,2,138.082489401531,0.000174550532379124,0.00591986919845076,7,1,0.350075786108145,117,1300,2596,3.99384615384615,90,4.17148220524664,0.0130969554323893,8,0.00307455439095162,-0.064914335728766,4.17148220524664,345,3
1111,2,418.558423135341,0.000188359389715577,0.0159204820408318,6,1,0.349634180769021,234,1300,2596,3.99384615384615,90,4.17148220524664,0.0130969554323893,8,0.00307455439095162,-0.064914335728766,4.17148220524664,345,3
1112,2,214.519603695616,0.00018772292096865,0.0207438171505797,6,1,0.343623942408318,254,1300,2596,3.99384615384615,90,4.17148220524664,0.0130969554323893,8,0.00307455439095162,-0.064914335728766,4.17148220524664,345,3
1113,2,89.2655478549877,0.00016479894528675,0.00297817935899641,7,1,0.352512932534586,61,1300,2596,3.99384615384615,90,4.17148220524664,0.0130969554323893,8,0.00307455439095162,-0.064914335728766,4.17148220524664,345,3
1114,2,140.189683346492,0.000188786105342647,0.0146512787211977,6,1,0.344775911136837,242,1300,2596,3.99384615384615,90,4.17148220524664,0.0130969554323893,8,0.00307455439095162,-0.064914335728766,4.17148220524664,345,3
1115,2,68.3392870104969,0.000162100826714216,0.0026308839397259,7,1,0.354008699502077,95,1300,2596,3.99384615384615,90,4.17148220524664,0.0130969554323893,8,0.00307455439095162,-0.064914335728766,4.17148220524664,345,3
1116,3,216.690302176675,0.00018807598269701,0.0226368795576423,6,1,0.427208889746563,602,1300,2596,3.99384615384615,90,4.17148220524664,0.0130969554323893,8,0.00307455439095162,-0.064914335728766,4.17148220524664,345,3
1117,2,90.5714185107108,0.000185219485089831,0.0179418274761844,6,1,0.351506938495389,226,1300,2596,3.99384615384615,90,4.17148220524664,0.0130969554323893,8,0.00307455439095162,-0.064914335728766,4.17148220524664,345,3
1118,2,457.722073175142,0.00017749378771743,0.00627606298253041,7,1,0.348130082525467,143,1300,2596,3.99384615384615,90,4.17148220524664,0.0130969554323893,8,0.00307455439095162,-0.064914335728766,4.17148220524664,345,3
1119,2,158.161587564062,0.000179083094555874,0.0106830103758419,6,1,0.347497036714376,155,1300,2596,3.99384615384615,90,4.17148220524664,0.0130969554323893,8,0.00307455439095162,-0.064914335728766,4.17148220524664,345,3
1120,2,167.369341239779,0.000187899285982713,0.0155481137381447,6,1,0.343819346500999,238,1300,2596,3.99384615384615,90,4.17148220524664,0.0130969554323893,8,0.00307455439095162,-0.064914335728766,4.17148220524664,345,3
1121,2,69.4666238407799,0.0001383700013837,0.000370633520617799,8,1,0.367267916482992,16,1300,2596,3.99384615384615,90,4.17148220524664,0.0130969554323893,8,0.00307455439095162,-0.064914335728766,4.17148220524664,345,3
1122,2,324.70570304287,0.000192122958693564,0.0178838076963239,6,1,0.341083715765217,305,1300,2596,3.99384615384615,90,4.17148220524664,0.0130969554323893,8,0.00307455439095162,-0.064914335728766,4.17148220524664,345,3
1123,2,217.056682035847,0.000192086054552439,0.0169854096705981,6,1,0.33950085358026,283,1300,2596,3.99384615384615,90,4.17148220524664,0.0130969554323893,8,0.00307455439095162,-0.064914335728766,4.17148220524664,345,3
1124,2,126.267635109947,0.000173250173250173,0.00723827542264633,7,1,0.363809170713499,102,1300,2596,3.99384615384615,90,4.17148220524664,0.0130969554323893,8,0.00307455439095162,-0.064914335728766,4.17148220524664,345,3
1125,3,959.181810576146,0.000172741406115046,0.00595342861098558,6,1,0.442238536451876,244,1300,2596,3.99384615384615,90,4.17148220524664,0.0130969554323893,8,0.00307455439095162,-0.064914335728766,4.17148220524664,345,3
1126,2,343.062434007124,0.000198294665873488,0.0360860321793392,6,1,0.345284345253303,373,1300,2596,3.99384615384615,90,4.17148220524664,0.0130969554323893,8,0.00307455439095162,-0.064914335728766,4.17148220524664,345,3
1127,2,67.7415580008227,0.000187793427230047,0.0184935162483992,6,1,0.339592468518393,248,1300,2596,3.99384615384615,90,4.17148220524664,0.0130969554323893,8,0.00307455439095162,-0.064914335728766,4.17148220524664,345,3
1128,2,202.435857541447,0.000180635838150289,0.0095955371700205,6,1,0.345107101274965,180,1300,2596,3.99384615384615,90,4.17148220524664,0.0130969554323893,8,0.00307455439095162,-0.064914335728766,4.17148220524664,345,3
1129,3,172.270464378481,0.000159108989657916,0.0026354531861886,7,1,0.445042323333811,76,1300,2596,3.99384615384615,90,4.17148220524664,0.0130969554323893,8,0.00307455439095162,-0.064914335728766,4.17148220524664,345,3
1130,2,888.885142856932,0.000207425845260319,0.042159199814184,6,1,0.339190157009732,497,1300,2596,3.99384615384615,90,4.17148220524664,0.0130969554323893,8,0.00307455439095162,-0.064914335728766,4.17148220524664,345,3
1131,2,136.938567920673,0.00017940437746681,0.0128778191972219,6,1,0.343762259989337,186,1300,2596,3.99384615384615,90,4.17148220524664,0.0130969554323893,8,0.00307455439095162,-0.064914335728766,4.17148220524664,345,3
1132,2,269.626522943392,0.000167954316425932,0.00404131085106621,7,1,0.353810146073401,96,1300,2596,3.99384615384615,90,4.17148220524664,0.0130969554323893,8,0.00307455439095162,-0.064914335728766,4.17148220524664,345,3
1133,2,75.9018146302209,0.000172413793103448,0.00972203689924855,6,1,0.359855482629762,102,1300,2596,3.99384615384615,90,4.17148220524664,0.0130969554323893,8,0.00307455439095162,-0.064914335728766,4.17148220524664,345,3
1134,2,157.80703746592,0.000163934426229508,0.00316807394602995,7,1,0.34800265625953,66,1300,2596,3.99384615384615,90,4.17148220524664,0.0130969554323893,8,0.00307455439095162,-0.064914335728766,4.17148220524664,345,3
1135,2,157.113162222101,0.000188821752265861,0.0199611680498135,6,1,0.344760513623885,255,1300,2596,3.99384615384615,90,4.17148220524664,0.0130969554323893,8,0.00307455439095162,-0.064914335728766,4.17148220524664,345,3
1136,2,72.1637188503655,0.000163880694854146,0.00452442231790146,7,1,0.346470429241997,88,1300,2596,3.99384615384615,90,4.17148220524664,0.0130969554323893,8,0.00307455439095162,-0.064914335728766,4.17148220524664,345,3
1137,2,88.1191661215648,0.000152276534186082,0.00147203249788656,7,1,0.360696611116601,36,1300,2596,3.99384615384615,90,4.17148220524664,0.0130969554323893,8,0.00307455439095162,-0.064914335728766,4.17148220524664,345,3
1138,3,684.386307530981,0.000162972620599739,0.00235891074484227,7,1,0.441319662795598,166,1300,2596,3.99384615384615,90,4.17148220524664,0.0130969554323893,8,0.00307455439095162,-0.064914335728766,4.17148220524664,345,3
1139,2,59.9935703182389,0.000164338537387017,0.0053457776532331,7,1,0.354515348302136,75,1300,2596,3.99384615384615,90,4.17148220524664,0.0130969554323893,8,0.00307455439095162,-0.064914335728766,4.17148220524664,345,3
1140,2,56.3267117714379,0.000172532781228433,0.0087999201678462,6,1,0.355975076559509,121,1300,2596,3.99384615384615,90,4.17148220524664,0.0130969554323893,8,0.00307455439095162,-0.064914335728766,4.17148220524664,345,3
1141,3,748.127148535407,0.000181719062329638,0.0133553831374506,6,1,0.426660194149861,342,1300,2596,3.99384615384615,90,4.17148220524664,0.0130969554323893,8,0.00307455439095162,-0.064914335728766,4.17148220524664,345,3
1142,2,165.604039791884,0.000182315405651778,0.0141529881035722,6,1,0.342821407420837,207,1300,2596,3.99384615384615,90,4.17148220524664,0.0130969554323893,8,0.00307455439095162,-0.064914335728766,4.17148220524664,345,3
1143,2,197.545261682762,0.000159159637116027,0.0024746151011616,7,1,0.367309536967489,65,1300,2596,3.99384615384615,90,4.17148220524664,0.0130969554323893,8,0.00307455439095162,-0.064914335728766,4.17148220524664,345,3
1144,2,706.463322194875,0.000198965380023876,0.0254847049201747,6,1,0.34142423388273,378,1300,2596,3.99384615384615,90,4.17148220524664,0.0130969554323893,8,0.00307455439095162,-0.064914335728766,4.17148220524664,345,3
1145,2,160.586914924078,0.000193274062620796,0.0275893714486043,6,1,0.339843807096281,305,1300,2596,3.99384615384615,90,4.17148220524664,0.0130969554323893,8,0.00307455439095162,-0.064914335728766,4.17148220524664,345,3
1146,2,25.2026743251588,0.000178475816526861,0.0107684816675867,6,1,0.358501499286725,159,1300,2596,3.99384615384615,90,4.17148220524664,0.0130969554323893,8,0.00307455439095162,-0.064914335728766,4.17148220524664,345,3
1147,3,366.818280893983,0.000165152766308836,0.00288010154236655,7,1,0.432095753673279,158,1300,2596,3.99384615384615,90,4.17148220524664,0.0130969554323893,8,0.00307455439095162,-0.064914335728766,4.17148220524664,345,3
1148,2,143.82882834553,0.000178126113288208,0.00972404588588213,6,1,0.350981546710067,135,1300,2596,3.99384615384615,90,4.17148220524664,0.0130969554323893,8,0.00307455439095162,-0.064914335728766,4.17148220524664,345,3
1149,2,182.598247625771,0.00016239038648912,0.00468350694446816,7,1,0.350761848323994,82,1300,2596,3.99384615384615,90,4.17148220524664,0.0130969554323893,8,0.00307455439095162,-0.064914335728766,4.17148220524664,345,3
1150,2,125.122758097023,0.000149342891278375,0.00123318539443533,8,1,0.362616781504175,30,1300,2596,3.99384615384615,90,4.17148220524664,0.0130969554323893,8,0.00307455439095162,-0.064914335728766,4.17148220524664,345,3
1151,2,78.895443324744,0.000162628069604814,0.00251811157152011,7,1,0.354187821960906,50,1300,2596,3.99384615384615,90,4.17148220524664,0.0130969554323893,8,0.00307455439095162,-0.064914335728766,4.17148220524664,345,3
1152,2,252.946392324244,0.000171320884015762,0.0055794084389438,6,1,0.353449324018816,113,1300,2596,3.99384615384615,90,4.17148220524664,0.0130969554323893,8,0.00307455439095162,-0.064914335728766,4.17148220524664,345,3
1153,2,482.010397617518,0.000218150087260035,0.077856061649196,6,1,0.344461636149783,708,1300,2596,3.99384615384615,90,4.17148220524664,0.0130969554323893,8,0.00307455439095162,-0.064914335728766,4.17148220524664,345,3
1154,2,32.1231459687494,0.000188323917137476,0.0189179393724315,6,1,0.347139291390176,253,1300,2596,3.99384615384615,90,4.17148220524664,0.0130969554323893,8,0.00307455439095162,-0.064914335728766,4.17148220524664,345,3
1155,2,72.1090011152082,0.00015581177937052,0.00176610735740364,7,1,0.356282790252218,51,1300,2596,3.99384615384615,90,4.17148220524664,0.0130969554323893,8,0.00307455439095162,-0.064914335728766,4.17148220524664,345,3
1156,2,114.498123518246,0.000169434090138936,0.00653618619064845,7,1,0.347150840527915,96,1300,2596,3.99384615384615,90,4.17148220524664,0.0130969554323893,8,0.00307455439095162,-0.064914335728766,4.17148220524664,345,3
1157,2,190.389536574536,0.000168435236651508,0.00477935905721933,6,1,0.363977994505972,86,1300,2596,3.99384615384615,90,4.17148220524664,0.0130969554323893,8,0.00307455439095162,-0.064914335728766,4.17148220524664,345,3
1158,2,49.9591688860339,0.000162048290390536,0.00301491575271252,7,1,0.356436038578285,67,1300,2596,3.99384615384615,90,4.17148220524664,0.0130969554323893,8,0.00307455439095162,-0.064914335728766,4.17148220524664,345,3
1159,2,901.457216158245,0.000216778668978972,0.0861516704145476,6,1,0.340751447110135,667,1300,2596,3.99384615384615,90,4.17148220524664,0.0130969554323893,8,0.00307455439095162,-0.064914335728766,4.17148220524664,345,3
1160,2,48.4239981656602,0.000160384923817161,0.00319943956499014,7,1,0.360070880862226,47,1300,2596,3.99384615384615,90,4.17148220524664,0.0130969554323893,8,0.00307455439095162,-0.064914335728766,4.17148220524664,345,3
1161,2,124.99543654087,0.000194174757281553,0.0231457149333575,6,1,0.340592652581139,314,1300,2596,3.99384615384615,90,4.17148220524664,0.0130969554323893,8,0.00307455439095162,-0.064914335728766,4.17148220524664,345,3
1162,2,122.022920655503,0.000164068908941756,0.00387769303539945,6,1,0.357197606712813,75,1300,2596,3.99384615384615,90,4.17148220524664,0.0130969554323893,8,0.00307455439095162,-0.064914335728766,4.17148220524664,345,3
1163,2,192.924718751775,0.000160153747597694,0.00230590286977398,7,1,0.354089463829384,54,1300,2596,3.99384615384615,90,4.17148220524664,0.0130969554323893,8,0.00307455439095162,-0.064914335728766,4.17148220524664,345,3
1164,2,75.7062713438717,0.000179920834832674,0.0104638695850062,6,1,0.345951548689504,166,1300,2596,3.99384615384615,90,4.17148220524664,0.0130969554323893,8,0.00307455439095162,-0.064914335728766,4.17148220524664,345,3
1165,2,307.893846252518,0.000190114068441065,0.0147335900603067,6,1,0.342768582670697,240,1300,2596,3.99384615384615,90,4.17148220524664,0.0130969554323893,8,0.00307455439095162,-0.064914335728766,4.17148220524664,345,3
1166,2,196.022554480858,0.000189071658158442,0.0169423294780676,6,1,0.347406126672237,245,1300,2596,3.99384615384615,90,4.17148220524664,0.0130969554323893,8,0.00307455439095162,-0.064914335728766,4.17148220524664,345,3
1167,2,0,0.000197784810126582,0.0277706190669846,6,1,0.342340131318574,376,1300,2596,3.99384615384615,90,4.17148220524664,0.0130969554323893,8,0.00307455439095162,-0.064914335728766,4.17148220524664,345,3
1168,2,87.956612137823,0.000171350239890336,0.00713387178134493,7,1,0.350063774528668,103,1300,2596,3.99384615384615,90,4.17148220524664,0.0130969554323893,8,0.00307455439095162,-0.064914335728766,4.17148220524664,345,3
1169,3,282.69257302819,0.000160668380462725,0.00330046417267841,7,1,0.444258319808729,110,1300,2596,3.99384615384615,90,4.17148220524664,0.0130969554323893,8,0.00307455439095162,-0.064914335728766,4.17148220524664,345,3
1170,2,185.633820999261,0.000218150087260035,0.078801197799668,6,1,0.339679178713001,714,1300,2596,3.99384615384615,90,4.17148220524664,0.0130969554323893,8,0.00307455439095162,-0.064914335728766,4.17148220524664,345,3
1171,3,1038.18384831972,0.000219490781387182,0.0854567903462993,6,1,0.419640449374663,1454,1300,2596,3.99384615384615,90,4.17148220524664,0.0130969554323893,8,0.00307455439095162,-0.064914335728766,4.17148220524664,345,3
1172,2,313.254633326101,0.000191828122002686,0.0231470978796303,6,1,0.340945380753117,293,1300,2596,3.99384615384615,90,4.17148220524664,0.0130969554323893,8,0.00307455439095162,-0.064914335728766,4.17148220524664,345,3
1173,2,68.1016757644072,0.000161082474226804,0.00606911083580021,7,1,0.354154554837123,72,1300,2596,3.99384615384615,90,4.17148220524664,0.0130969554323893,8,0.00307455439095162,-0.064914335728766,4.17148220524664,345,3
1174,3,800.496461510591,0.000174581005586592,0.00728519066074717,7,1,0.432561059890044,250,1300,2596,3.99384615384615,90,4.17148220524664,0.0130969554323893,8,0.00307455439095162,-0.064914335728766,4.17148220524664,345,3
1175,3,1804.61666899645,0.000211595429538722,0.0521801218872599,5,1,0.432139537525232,1104,1300,2596,3.99384615384615,90,4.17148220524664,0.0130969554323893,8,0.00307455439095162,-0.064914335728766,4.17148220524664,345,3
1176,3,443.247138852118,0.000172205958326158,0.00530003242177842,6,1,0.425930898796506,210,1300,2596,3.99384615384615,90,4.17148220524664,0.0130969554323893,8,0.00307455439095162,-0.064914335728766,4.17148220524664,345,3
1177,2,53.8710699817898,0.000140845070422535,0.000508165179131341,7,1,0.367353194222797,16,1300,2596,3.99384615384615,90,4.17148220524664,0.0130969554323893,8,0.00307455439095162,-0.064914335728766,4.17148220524664,345,3
1178,2,49.8123681873682,0.000161576991436419,0.00321667593195855,7,1,0.36151778594269,54,1300,2596,3.99384615384615,90,4.17148220524664,0.0130969554323893,8,0.00307455439095162,-0.064914335728766,4.17148220524664,345,3
1179,2,497.316270375855,0.000172920629431091,0.00500014684972023,6,1,0.347392713136101,111,1300,2596,3.99384615384615,90,4.17148220524664,0.0130969554323893,8,0.00307455439095162,-0.064914335728766,4.17148220524664,345,3
1180,2,80.735222258743,0.000154798761609907,0.00161789603685147,7,1,0.358470350641207,31,1300,2596,3.99384615384615,90,4.17148220524664,0.0130969554323893,8,0.00307455439095162,-0.064914335728766,4.17148220524664,345,3
1181,2,83.3270980332723,0.000167364016736402,0.00515381320141467,7,1,0.347484365640935,94,1300,2596,3.99384615384615,90,4.17148220524664,0.0130969554323893,8,0.00307455439095162,-0.064914335728766,4.17148220524664,345,3
1182,2,102.418383202893,0.000172087420409568,0.00852755986787851,6,1,0.359662018416335,106,1300,2596,3.99384615384615,90,4.17148220524664,0.0130969554323893,8,0.00307455439095162,-0.064914335728766,4.17148220524664,345,3
1183,2,58.7466529097108,0.000155860349127182,0.00244377694335853,7,1,0.361233165351443,22,1300,2596,3.99384615384615,90,4.17148220524664,0.0130969554323893,8,0.00307455439095162,-0.064914335728766,4.17148220524664,345,3
1184,2,464.151103598182,0.000217155266015201,0.0881174937631721,6,1,0.341044681754755,667,1300,2596,3.99384615384615,90,4.17148220524664,0.0130969554323893,8,0.00307455439095162,-0.064914335728766,4.17148220524664,345,3
1185,2,339.002042331899,0.000198216055500496,0.0274048623650849,6,1,0.339130485298082,366,1300,2596,3.99384615384615,90,4.17148220524664,0.0130969554323893,8,0.00307455439095162,-0.064914335728766,4.17148220524664,345,3
1186,2,168.122886416005,0.000186115764005211,0.0171897869999275,6,1,0.34808881222569,235,1300,2596,3.99384615384615,90,4.17148220524664,0.0130969554323893,8,0.00307455439095162,-0.064914335728766,4.17148220524664,345,3
1187,2,426.784632609891,0.000206825232678387,0.0498179042876092,6,1,0.336956553967031,499,1300,2596,3.99384615384615,90,4.17148220524664,0.0130969554323893,8,0.00307455439095162,-0.064914335728766,4.17148220524664,345,3
1188,2,166.524659361435,0.000184094256259205,0.0136705907091415,6,1,0.350892116460264,190,1300,2596,3.99384615384615,90,4.17148220524664,0.0130969554323893,8,0.00307455439095162,-0.064914335728766,4.17148220524664,345,3
1189,2,94.6346045795242,0.00016121231662099,0.00305561664338738,7,1,0.354982537393851,58,1300,2596,3.99384615384615,90,4.17148220524664,0.0130969554323893,8,0.00307455439095162,-0.064914335728766,4.17148220524664,345,3
1190,2,120.535703598086,0.000180570603105814,0.0121063159217103,6,1,0.351381033009813,168,1300,2596,3.99384615384615,90,4.17148220524664,0.0130969554323893,8,0.00307455439095162,-0.064914335728766,4.17148220524664,345,3
1191,3,211.799261799589,0.000158152775581211,0.00351683760254964,7,1,0.438087708438123,84,1300,2596,3.99384615384615,90,4.17148220524664,0.0130969554323893,8,0.00307455439095162,-0.064914335728766,4.17148220524664,345,3
1192,2,490.656646113748,0.000217202432667246,0.0868380627465681,6,1,0.347728958187722,674,1300,2596,3.99384615384615,90,4.17148220524664,0.0130969554323893,8,0.00307455439095162,-0.064914335728766,4.17148220524664,345,3
1193,2,275.117281947759,0.000190331176246669,0.0207257368931314,6,1,0.344845539614275,271,1300,2596,3.99384615384615,90,4.17148220524664,0.0130969554323893,8,0.00307455439095162,-0.064914335728766,4.17148220524664,345,3
1194,3,274.122374670618,0.000180472838837755,0.0122181096866991,6,1,0.445910740061746,330,1300,2596,3.99384615384615,90,4.17148220524664,0.0130969554323893,8,0.00307455439095162,-0.064914335728766,4.17148220524664,345,3
1195,2,121.765727956064,0.000155933260564478,0.0021744747027195,7,1,0.354139209256826,41,1300,2596,3.99384615384615,90,4.17148220524664,0.0130969554323893,8,0.00307455439095162,-0.064914335728766,4.17148220524664,345,3
1196,2,122.08695022171,0.000158629441624365,0.00161253782649827,7,1,0.350102655146791,80,1300,2596,3.99384615384615,90,4.17148220524664,0.0130969554323893,8,0.00307455439095162,-0.064914335728766,4.17148220524664,345,3
1197,2,140.930159210029,0.000162760416666667,0.0029612010416431,7,1,0.349442798105764,73,1300,2596,3.99384615384615,90,4.17148220524664,0.0130969554323893,8,0.00307455439095162,-0.064914335728766,4.17148220524664,345,3
1198,2,479.053705726848,0.000219683655536028,0.0930020231765321,6,1,0.337610941353058,723,1300,2596,3.99384615384615,90,4.17148220524664,0.0130969554323893,8,0.00307455439095162,-0.064914335728766,4.17148220524664,345,3
1199,2,11.7245421245421,0.000172890733056708,0.0077278894196817,6,1,0.360978098984812,98,1300,2596,3.99384615384615,90,4.17148220524664,0.0130969554323893,8,0.00307455439095162,-0.064914335728766,4.17148220524664,345,3
1200,2,654.921076902485,0.000216684723726977,0.0872640927885217,6,1,0.340500843744689,660,1300,2596,3.99384615384615,90,4.17148220524664,0.0130969554323893,8,0.00307455439095162,-0.064914335728766,4.17148220524664,345,3
1201,2,885.403027812939,0.000218770509735288,0.0769125838399496,6,1,0.343523855043669,727,1300,2596,3.99384615384615,90,4.17148220524664,0.0130969554323893,8,0.00307455439095162,-0.064914335728766,4.17148220524664,345,3
1202,2,63.1494136509532,0.000137211855104281,0.000322741610190324,8,1,0.371713541484048,14,1300,2596,3.99384615384615,90,4.17148220524664,0.0130969554323893,8,0.00307455439095162,-0.064914335728766,4.17148220524664,345,3
1203,2,277.277659803587,0.000168236877523553,0.00502662226201216,6,1,0.368401987396534,82,1300,2596,3.99384615384615,90,4.17148220524664,0.0130969554323893,8,0.00307455439095162,-0.064914335728766,4.17148220524664,345,3
1204,3,442.90634353418,0.000172771250863856,0.00881711485266547,6,1,0.426102479473836,222,1300,2596,3.99384615384615,90,4.17148220524664,0.0130969554323893,8,0.00307455439095162,-0.064914335728766,4.17148220524664,345,3
1205,2,242.791561307505,0.000176429075511644,0.00872258848768278,6,1,0.341301142810806,135,1300,2596,3.99384615384615,90,4.17148220524664,0.0130969554323893,8,0.00307455439095162,-0.064914335728766,4.17148220524664,345,3
1206,2,42.8368106841559,0.000176397953783736,0.0100639908105091,7,1,0.351362645205773,127,1300,2596,3.99384615384615,90,4.17148220524664,0.0130969554323893,8,0.00307455439095162,-0.064914335728766,4.17148220524664,345,3
1207,2,15.6660714285714,0.000180864532465184,0.0131533085037606,6,1,0.355822875427618,179,1300,2596,3.99384615384615,90,4.17148220524664,0.0130969554323893,8,0.00307455439095162,-0.064914335728766,4.17148220524664,345,3
1208,2,217.093915883918,0.00017149717029669,0.00863906092418432,7,1,0.35846867921585,110,1300,2596,3.99384615384615,90,4.17148220524664,0.0130969554323893,8,0.00307455439095162,-0.064914335728766,4.17148220524664,345,3
1209,2,39.0002215176128,0.000164311534669734,0.00350026885459487,7,1,0.355183443467852,48,1300,2596,3.99384615384615,90,4.17148220524664,0.0130969554323893,8,0.00307455439095162,-0.064914335728766,4.17148220524664,345,3
1210,2,45.7819166944167,0.000166333998669328,0.00456747253682473,7,1,0.356144965471679,88,1300,2596,3.99384615384615,90,4.17148220524664,0.0130969554323893,8,0.00307455439095162,-0.064914335728766,4.17148220524664,345,3
1211,2,375.243173528312,0.000177619893428064,0.0100291468026293,7,1,0.349663362442747,146,1300,2596,3.99384615384615,90,4.17148220524664,0.0130969554323893,8,0.00307455439095162,-0.064914335728766,4.17148220524664,345,3
1212,2,124.779020546914,0.000172920629431091,0.00750732034773488,6,1,0.35495289797234,112,1300,2596,3.99384615384615,90,4.17148220524664,0.0130969554323893,8,0.00307455439095162,-0.064914335728766,4.17148220524664,345,3
1213,2,751.568854575413,0.000212179079142797,0.0536173357438955,5,1,0.340186626958876,557,1300,2596,3.99384615384615,90,4.17148220524664,0.0130969554323893,8,0.00307455439095162,-0.064914335728766,4.17148220524664,345,3
1214,2,329.694454412849,0.00017164435290079,0.00553731966802561,7,1,0.345571948779758,120,1300,2596,3.99384615384615,90,4.17148220524664,0.0130969554323893,8,0.00307455439095162,-0.064914335728766,4.17148220524664,345,3
1215,2,177.30236634475,0.000155327741534638,0.00156658476132272,7,1,0.355417619760883,54,1300,2596,3.99384615384615,90,4.17148220524664,0.0130969554323893,8,0.00307455439095162,-0.064914335728766,4.17148220524664,345,3
1216,2,191.069897759666,0.000169434090138936,0.00396667020324005,6,1,0.354511946648485,101,1300,2596,3.99384615384615,90,4.17148220524664,0.0130969554323893,8,0.00307455439095162,-0.064914335728766,4.17148220524664,345,3
1217,2,462.747128921963,0.000218340611353712,0.0879237446762194,5,1,0.33890393619407,695,1300,2596,3.99384615384615,90,4.17148220524664,0.0130969554323893,8,0.00307455439095162,-0.064914335728766,4.17148220524664,345,3
1218,2,82.7551429275741,0.000175932441942294,0.00838974789239085,6,1,0.355038356047167,128,1300,2596,3.99384615384615,90,4.17148220524664,0.0130969554323893,8,0.00307455439095162,-0.064914335728766,4.17148220524664,345,3
1219,2,515.835259446436,0.00018698578908003,0.0160915828225963,6,1,0.350619252573671,243,1300,2596,3.99384615384615,90,4.17148220524664,0.0130969554323893,8,0.00307455439095162,-0.064914335728766,4.17148220524664,345,3
1220,2,718.825936197207,0.000180505415162455,0.00926278253964976,6,1,0.345326845884678,179,1300,2596,3.99384615384615,90,4.17148220524664,0.0130969554323893,8,0.00307455439095162,-0.064914335728766,4.17148220524664,345,3
1221,2,90.426836287254,0.000175346308960196,0.00906832635026617,6,1,0.355622398879438,129,1300,2596,3.99384615384615,90,4.17148220524664,0.0130969554323893,8,0.00307455439095162,-0.064914335728766,4.17148220524664,345,3
1222,2,20.8243991088031,0.000173010380622837,0.0108623934318264,6,1,0.348681031423784,134,1300,2596,3.99384615384615,90,4.17148220524664,0.0130969554323893,8,0.00307455439095162,-0.064914335728766,4.17148220524664,345,3
1223,2,471.093262985783,0.000219250164437623,0.077047761232798,6,1,0.344063817658948,734,1300,2596,3.99384615384615,90,4.17148220524664,0.0130969554323893,8,0.00307455439095162,-0.064914335728766,4.17148220524664,345,3
1224,2,104.731472669131,0.000187336080929187,0.0168290612366427,6,1,0.345104189992828,243,1300,2596,3.99384615384615,90,4.17148220524664,0.0130969554323893,8,0.00307455439095162,-0.064914335728766,4.17148220524664,345,3
1225,2,327.764353878393,0.000164068908941756,0.00372859010108756,7,1,0.367288132021586,73,1300,2596,3.99384615384615,90,4.17148220524664,0.0130969554323893,8,0.00307455439095162,-0.064914335728766,4.17148220524664,345,3
1226,2,34.157737523914,0.000160875160875161,0.00289411480348849,7,1,0.355393264959467,55,1300,2596,3.99384615384615,90,4.17148220524664,0.0130969554323893,8,0.00307455439095162,-0.064914335728766,4.17148220524664,345,3
1227,2,175.790299290734,0.000210482003788676,0.052697491542955,5,1,0.344715921072312,539,1300,2596,3.99384615384615,90,4.17148220524664,0.0130969554323893,8,0.00307455439095162,-0.064914335728766,4.17148220524664,345,3
1228,2,368.081503645927,0.000171703296703297,0.00511217114223942,6,1,0.354234902868102,98,1300,2596,3.99384615384615,90,4.17148220524664,0.0130969554323893,8,0.00307455439095162,-0.064914335728766,4.17148220524664,345,3
1229,2,193.224596570664,0.000183992640294388,0.012831118897029,6,1,0.347730184294328,191,1300,2596,3.99384615384615,90,4.17148220524664,0.0130969554323893,8,0.00307455439095162,-0.064914335728766,4.17148220524664,345,3
1230,3,98.9825478940201,0.000167869733087124,0.00604095133919831,6,1,0.425954646985463,214,1300,2596,3.99384615384615,90,4.17148220524664,0.0130969554323893,8,0.00307455439095162,-0.064914335728766,4.17148220524664,345,3
1231,2,95.796491335462,0.000159948816378759,0.00222050720150894,7,1,0.352159097790287,52,1300,2596,3.99384615384615,90,4.17148220524664,0.0130969554323893,8,0.00307455439095162,-0.064914335728766,4.17148220524664,345,3
1232,2,141.137398282645,0.000159718894745248,0.00229430769654159,7,1,0.353285571844817,54,1300,2596,3.99384615384615,90,4.17148220524664,0.0130969554323893,8,0.00307455439095162,-0.064914335728766,4.17148220524664,345,3
1233,2,487.433314859577,0.00021092596498629,0.0516092523177521,5,1,0.342726838962016,542,1300,2596,3.99384615384615,90,4.17148220524664,0.0130969554323893,8,0.00307455439095162,-0.064914335728766,4.17148220524664,345,3
1234,2,10.2433913308913,0.000166472448809722,0.00548018120719353,6,1,0.368501656082003,78,1300,2596,3.99384615384615,90,4.17148220524664,0.0130969554323893,8,0.00307455439095162,-0.064914335728766,4.17148220524664,345,3
1235,2,470.033048387082,0.000216590859865714,0.0887069945978599,6,1,0.33997683462476,655,1300,2596,3.99384615384615,90,4.17148220524664,0.0130969554323893,8,0.00307455439095162,-0.064914335728766,4.17148220524664,345,3
1236,2,71.7400221383887,0.000182648401826484,0.0162315670336517,6,1,0.347781863433169,201,1300,2596,3.99384615384615,90,4.17148220524664,0.0130969554323893,8,0.00307455439095162,-0.064914335728766,4.17148220524664,345,3
1237,2,43.578798978799,0.000158252888115208,0.00238108407182217,7,1,0.361210806849483,45,1300,2596,3.99384615384615,90,4.17148220524664,0.0130969554323893,8,0.00307455439095162,-0.064914335728766,4.17148220524664,345,3
1238,2,167.45040084157,0.000191387559808612,0.0183834155130938,6,1,0.341376137606918,292,1300,2596,3.99384615384615,90,4.17148220524664,0.0130969554323893,8,0.00307455439095162,-0.064914335728766,4.17148220524664,345,3
1239,2,116.990187568639,0.000165837479270315,0.00458812616165876,7,1,0.348746334388478,76,1300,2596,3.99384615384615,90,4.17148220524664,0.0130969554323893,8,0.00307455439095162,-0.064914335728766,4.17148220524664,345,3
1240,2,77.0586197542232,0.00014265335235378,0.000396092449575199,7,1,0.36962247307075,21,1300,2596,3.99384615384615,90,4.17148220524664,0.0130969554323893,8,0.00307455439095162,-0.064914335728766,4.17148220524664,345,3
1241,2,17.9854940810823,0.000157133878064111,0.00308151677556899,7,1,0.357982454805883,31,1300,2596,3.99384615384615,90,4.17148220524664,0.0130969554323893,8,0.00307455439095162,-0.064914335728766,4.17148220524664,345,3
1242,2,102.105166564016,0.000177588350204227,0.009885503167587,7,1,0.349799053633319,143,1300,2596,3.99384615384615,90,4.17148220524664,0.0130969554323893,8,0.00307455439095162,-0.064914335728766,4.17148220524664,345,3
1243,2,29.2630092130092,0.000155303618574313,0.00292877512793635,7,1,0.358229318850258,47,1300,2596,3.99384615384615,90,4.17148220524664,0.0130969554323893,8,0.00307455439095162,-0.064914335728766,4.17148220524664,345,3
1244,2,501.664673104192,0.000198216055500496,0.0234304709899147,6,1,0.338720389680439,347,1300,2596,3.99384615384615,90,4.17148220524664,0.0130969554323893,8,0.00307455439095162,-0.064914335728766,4.17148220524664,345,3
1245,3,1338.0649921802,0.000213265088505012,0.0525599535645582,5,1,0.421988479009281,1162,1300,2596,3.99384615384615,90,4.17148220524664,0.0130969554323893,8,0.00307455439095162,-0.064914335728766,4.17148220524664,345,3
1246,2,165.422941194779,0.000179823772702751,0.0105839198338231,6,1,0.350403549654279,155,1300,2596,3.99384615384615,90,4.17148220524664,0.0130969554323893,8,0.00307455439095162,-0.064914335728766,4.17148220524664,345,3
1247,2,135.882002719503,0.000164690382081686,0.00323859784832002,6,1,0.35893907376219,75,1300,2596,3.99384615384615,90,4.17148220524664,0.0130969554323893,8,0.00307455439095162,-0.064914335728766,4.17148220524664,345,3
1248,2,88.828727669184,0.000185632077222944,0.0128773263179761,6,1,0.344860600096555,208,1300,2596,3.99384615384615,90,4.17148220524664,0.0130969554323893,8,0.00307455439095162,-0.064914335728766,4.17148220524664,345,3
1249,2,371.603129393959,0.000191681042744873,0.0160645620943742,6,1,0.338559535027006,287,1300,2596,3.99384615384615,90,4.17148220524664,0.0130969554323893,8,0.00307455439095162,-0.064914335728766,4.17148220524664,345,3
1250,2,92.2149298245379,0.000184433788270011,0.0179368207707319,6,1,0.347109138268712,214,1300,2596,3.99384615384615,90,4.17148220524664,0.0130969554323893,8,0.00307455439095162,-0.064914335728766,4.17148220524664,345,3
1251,2,49.9803163138841,0.000161969549724652,0.00407845605722413,7,1,0.355575290817824,77,1300,2596,3.99384615384615,90,4.17148220524664,0.0130969554323893,8,0.00307455439095162,-0.064914335728766,4.17148220524664,345,3
1252,2,256.244009464836,0.000191424196018377,0.0225484190153583,6,1,0.344761620461421,287,1300,2596,3.99384615384615,90,4.17148220524664,0.0130969554323893,8,0.00307455439095162,-0.064914335728766,4.17148220524664,345,3
1253,2,291.408938777024,0.00018737118231216,0.0150935722445673,6,1,0.343776578594974,248,1300,2596,3.99384615384615,90,4.17148220524664,0.0130969554323893,8,0.00307455439095162,-0.064914335728766,4.17148220524664,345,3
1254,2,253.753057692693,0.000158052789631737,0.00234019049132902,7,1,0.352731837349895,53,1300,2596,3.99384615384615,90,4.17148220524664,0.0130969554323893,8,0.00307455439095162,-0.064914335728766,4.17148220524664,345,3
1255,2,267.800585044655,0.000172980453208787,0.00913757622021347,7,1,0.351635247660557,120,1300,2596,3.99384615384615,90,4.17148220524664,0.0130969554323893,8,0.00307455439095162,-0.064914335728766,4.17148220524664,345,3
1256,2,205.870664137101,0.000186880956830499,0.0167216879163655,6,1,0.349352862705979,233,1300,2596,3.99384615384615,90,4.17148220524664,0.0130969554323893,8,0.00307455439095162,-0.064914335728766,4.17148220524664,345,3
1257,2,246.25391515783,0.000182215743440233,0.0126214338582518,6,1,0.350721224570937,191,1300,2596,3.99384615384615,90,4.17148220524664,0.0130969554323893,8,0.00307455439095162,-0.064914335728766,4.17148220524664,345,3
1258,2,166.826548995412,0.000163719711853307,0.00458143318279944,6,1,0.355769900942072,67,1300,2596,3.99384615384615,90,4.17148220524664,0.0130969554323893,8,0.00307455439095162,-0.064914335728766,4.17148220524664,345,3
1259,2,65.4433869996483,0.000163291966035271,0.0038318526376392,7,1,0.35206116176164,85,1300,2596,3.99384615384615,90,4.17148220524664,0.0130969554323893,8,0.00307455439095162,-0.064914335728766,4.17148220524664,345,3
1260,2,75.1555502904338,0.000181983621474067,0.0142137632793473,6,1,0.344489031420664,206,1300,2596,3.99384615384615,90,4.17148220524664,0.0130969554323893,8,0.00307455439095162,-0.064914335728766,4.17148220524664,345,3
1261,2,36.4216902980061,0.00017611835153223,0.00798614705688036,6,1,0.350865119912203,134,1300,2596,3.99384615384615,90,4.17148220524664,0.0130969554323893,8,0.00307455439095162,-0.064914335728766,4.17148220524664,345,3
1262,2,81.5134936822437,0.000182681768359518,0.0138270873424631,6,1,0.348151535003542,207,1300,2596,3.99384615384615,90,4.17148220524664,0.0130969554323893,8,0.00307455439095162,-0.064914335728766,4.17148220524664,345,3
1263,2,291.564585612411,0.000181752090149037,0.0127187871731922,6,1,0.353362713854746,181,1300,2596,3.99384615384615,90,4.17148220524664,0.0130969554323893,8,0.00307455439095162,-0.064914335728766,4.17148220524664,345,3
1264,2,46.3570901035026,0.000182215743440233,0.0179468012699446,6,1,0.344955652211181,181,1300,2596,3.99384615384615,90,4.17148220524664,0.0130969554323893,8,0.00307455439095162,-0.064914335728766,4.17148220524664,345,3
1265,2,14.0688394938395,0.000171998624011008,0.011531889011826,7,1,0.356249937543031,136,1300,2596,3.99384615384615,90,4.17148220524664,0.0130969554323893,8,0.00307455439095162,-0.064914335728766,4.17148220524664,345,3
1266,2,19.096288738781,0.000174703004891684,0.00900236172289285,7,1,0.356721270232366,128,1300,2596,3.99384615384615,90,4.17148220524664,0.0130969554323893,8,0.00307455439095162,-0.064914335728766,4.17148220524664,345,3
1267,2,294.730265323947,0.000182315405651778,0.0132977850994843,6,1,0.344813397712235,187,1300,2596,3.99384615384615,90,4.17148220524664,0.0130969554323893,8,0.00307455439095162,-0.064914335728766,4.17148220524664,345,3
1268,2,234.417099641336,0.000188714851858841,0.0162653528401343,6,1,0.346673987650921,245,1300,2596,3.99384615384615,90,4.17148220524664,0.0130969554323893,8,0.00307455439095162,-0.064914335728766,4.17148220524664,345,3
1269,2,36.1302464858271,0.0001743679163034,0.00780015725944452,6,1,0.360051362599874,103,1300,2596,3.99384615384615,90,4.17148220524664,0.0130969554323893,8,0.00307455439095162,-0.064914335728766,4.17148220524664,345,3
1270,2,205.264371093527,0.000177619893428064,0.0106329902405522,6,1,0.35418170268742,144,1300,2596,3.99384615384615,90,4.17148220524664,0.0130969554323893,8,0.00307455439095162,-0.064914335728766,4.17148220524664,345,3
1271,2,77.435027398007,0.000177273533061514,0.00815080446036703,6,1,0.350134335007285,138,1300,2596,3.99384615384615,90,4.17148220524664,0.0130969554323893,8,0.00307455439095162,-0.064914335728766,4.17148220524664,345,3
1272,2,72.2772607640561,0.000154750851129681,0.00192822258927815,7,1,0.356188783387523,39,1300,2596,3.99384615384615,90,4.17148220524664,0.0130969554323893,8,0.00307455439095162,-0.064914335728766,4.17148220524664,345,3
1273,2,106.999689624077,0.000177085177970604,0.0111881368190725,7,1,0.35212767357572,136,1300,2596,3.99384615384615,90,4.17148220524664,0.0130969554323893,8,0.00307455439095162,-0.064914335728766,4.17148220524664,345,3
1274,2,63.4782323945404,0.000148566334868519,0.00106771412877602,7,1,0.359604152443012,35,1300,2596,3.99384615384615,90,4.17148220524664,0.0130969554323893,8,0.00307455439095162,-0.064914335728766,4.17148220524664,345,3
1275,2,69.6547160283144,0.000171408981830648,0.00684908969782814,6,1,0.351003222544223,115,1300,2596,3.99384615384615,90,4.17148220524664,0.0130969554323893,8,0.00307455439095162,-0.064914335728766,4.17148220524664,345,3
1276,2,295.974594163537,0.000197550375345713,0.0285708040105557,6,1,0.34389100289218,364,1300,2596,3.99384615384615,90,4.17148220524664,0.0130969554323893,8,0.00307455439095162,-0.064914335728766,4.17148220524664,345,3
1277,2,34.2477956683839,0.000158227848101266,0.00372733145909109,7,1,0.363330821521809,42,1300,2596,3.99384615384615,90,4.17148220524664,0.0130969554323893,8,0.00307455439095162,-0.064914335728766,4.17148220524664,345,3
1278,2,268.325938225533,0.000166057788110262,0.00405093025395596,7,1,0.352211601975639,79,1300,2596,3.99384615384615,90,4.17148220524664,0.0130969554323893,8,0.00307455439095162,-0.064914335728766,4.17148220524664,345,3
1279,2,124.955154539059,0.000155787505842031,0.00242675722309999,7,1,0.35776069005423,51,1300,2596,3.99384615384615,90,4.17148220524664,0.0130969554323893,8,0.00307455439095162,-0.064914335728766,4.17148220524664,345,3
1280,2,134.771419478985,0.000195694716242661,0.0304131450863288,6,1,0.340025871240601,328,1300,2596,3.99384615384615,90,4.17148220524664,0.0130969554323893,8,0.00307455439095162,-0.064914335728766,4.17148220524664,345,3
1281,2,110.767149579231,0.000169981302056774,0.00521879109091235,7,1,0.353983844264801,114,1300,2596,3.99384615384615,90,4.17148220524664,0.0130969554323893,8,0.00307455439095162,-0.064914335728766,4.17148220524664,345,3
1282,2,53.244011537014,0.000183150183150183,0.013041346554623,6,1,0.344588249461729,174,1300,2596,3.99384615384615,90,4.17148220524664,0.0130969554323893,8,0.00307455439095162,-0.064914335728766,4.17148220524664,345,3
1283,2,7.2968253968254,0.000182348650619985,0.0146862887323681,6,1,0.354674947538173,203,1300,2596,3.99384615384615,90,4.17148220524664,0.0130969554323893,8,0.00307455439095162,-0.064914335728766,4.17148220524664,345,3
1284,2,40.3182400932401,0.000147666863555818,0.000872105612115142,7,1,0.364316260030597,23,1300,2596,3.99384615384615,90,4.17148220524664,0.0130969554323893,8,0.00307455439095162,-0.064914335728766,4.17148220524664,345,3
1285,2,49.9377826696867,0.000150353330326267,0.00166659240579977,7,1,0.364806489341907,30,1300,2596,3.99384615384615,90,4.17148220524664,0.0130969554323893,8,0.00307455439095162,-0.064914335728766,4.17148220524664,345,3
1286,2,116.089189465505,0.00018754688672168,0.0170940527647802,6,1,0.34840080869949,250,1300,2596,3.99384615384615,90,4.17148220524664,0.0130969554323893,8,0.00307455439095162,-0.064914335728766,4.17148220524664,345,3
1287,2,128.644439744672,0.000175100682892663,0.00752712515436827,6,1,0.350968748660261,153,1300,2596,3.99384615384615,90,4.17148220524664,0.0130969554323893,8,0.00307455439095162,-0.064914335728766,4.17148220524664,345,3
1288,2,51.7021825396825,0.000154966682163335,0.0027432474015583,7,1,0.361309265848836,51,1300,2596,3.99384615384615,90,4.17148220524664,0.0130969554323893,8,0.00307455439095162,-0.064914335728766,4.17148220524664,345,3
1289,2,398.655638039578,0.000178890876565295,0.0115951535381027,6,1,0.356919779818688,152,1300,2596,3.99384615384615,90,4.17148220524664,0.0130969554323893,8,0.00307455439095162,-0.064914335728766,4.17148220524664,345,3
1290,2,15.8761904761905,0.00018964536317087,0.0178200180233077,6,1,0.345940139644562,273,1300,2596,3.99384615384615,90,4.17148220524664,0.0130969554323893,8,0.00307455439095162,-0.064914335728766,4.17148220524664,345,3
1291,2,494.656090771617,0.000204540805890775,0.0317479537534262,6,1,0.342794353318341,454,1300,2596,3.99384615384615,90,4.17148220524664,0.0130969554323893,8,0.00307455439095162,-0.064914335728766,4.17148220524664,345,3
1292,2,15.1833333333333,0.000176211453744493,0.0115390429198245,6,1,0.3567576393468,153,1300,2596,3.99384615384615,90,4.17148220524664,0.0130969554323893,8,0.00307455439095162,-0.064914335728766,4.17148220524664,345,3
1293,2,139.117369153272,0.000163853842372604,0.00318322437048992,7,1,0.352452407147519,59,1300,2596,3.99384615384615,90,4.17148220524664,0.0130969554323893,8,0.00307455439095162,-0.064914335728766,4.17148220524664,345,3
1294,2,404.490602797151,0.000167560321715818,0.00523743246834534,7,1,0.349367280234243,76,1300,2596,3.99384615384615,90,4.17148220524664,0.0130969554323893,8,0.00307455439095162,-0.064914335728766,4.17148220524664,345,3
1295,2,213.430146876812,0.000177935943060498,0.0128295708672923,6,1,0.34983255994062,160,1300,2596,3.99384615384615,90,4.17148220524664,0.0130969554323893,8,0.00307455439095162,-0.064914335728766,4.17148220524664,345,3
1296,2,51.1312398987322,0.000145560407569141,0.000697425393753093,7,1,0.371365796956776,24,1300,2596,3.99384615384615,90,4.17148220524664,0.0130969554323893,8,0.00307455439095162,-0.064914335728766,4.17148220524664,345,3
1297,2,229.224751117688,0.00016202203499676,0.00229009792631245,7,1,0.347552885959138,67,1300,2596,3.99384615384615,90,4.17148220524664,0.0130969554323893,8,0.00307455439095162,-0.064914335728766,4.17148220524664,345,3
1298,2,127.930602517127,0.000169434090138936,0.00526492047866272,7,1,0.351411000477383,110,1300,2596,3.99384615384615,90,4.17148220524664,0.0130969554323893,8,0.00307455439095162,-0.064914335728766,4.17148220524664,345,3
1299,2,95.8819307762764,0.000159974404095345,0.00242909508540889,7,1,0.353470510222987,67,1300,2596,3.99384615384615,90,4.17148220524664,0.0130969554323893,8,0.00307455439095162,-0.064914335728766,4.17148220524664,345,3
